135.59 , 50.646439815618635 , 0.0 , 340.0773036
135.13 , 43.64261333950652 , 0.0 , 340.0773036
135.46 , 49.44170343327553 , 0.0 , 340.0773036
135.39 , 48.187499080048205 , 0.0 , 340.0773036
135.42 , 48.78709980241172 , 0.0 , 340.0773036
135.27 , 45.92533081584812 , 0.0 , 340.0773036
135.54 , 51.44622885375434 , 0.0 , 340.0773036
135.49 , 50.419616891926246 , 0.0 , 340.0773036
135.9 , 57.84763940675989 , 0.0 , 340.0773036
136.06 , 60.344463640143466 , 0.0 , 340.0773036
135.85 , 55.68250089935691 , 0.0 , 340.0773036
135.67 , 51.97593623297105 , 0.0 , 340.0773036
136.06 , 58.43226959890691 , 0.0 , 340.0773036
136.31 , 61.9624705398176 , 0.0 , 340.0773036
136.45 , 63.81572762014739 , 0.0 , 340.0773036
136.59 , 65.61965196026276 , 0.0 , 340.0773036
137.07 , 70.96439924957022 , 0.0 , 340.0773036
136.81 , 65.06408643514634 , 0.0 , 340.0773036
137.09 , 68.13661406542249 , 0.0 , 340.0773036
137.06 , 67.45212387539571 , 0.0 , 340.0773036
137.47 , 71.64459281349271 , 0.0 , 340.0773036
137.27 , 67.10386414838942 , 0.0 , 340.0773036
137.33 , 67.76393431229438 , 0.0 , 340.0773036
136.84 , 57.59929650589234 , 0.0 , 340.0773036
136.85 , 57.73862038863662 , 0.0 , 340.0773036
136.84 , 57.53502427165241 , 0.0 , 340.0773036
137.25 , 63.25586271383643 , 0.0 , 340.0773036
136.88 , 55.932723047142375 , 0.0 , 340.0773036
136.73 , 53.241669040738934 , 0.0 , 340.0773036
136.6 , 50.95360516461066 , 0.0 , 340.0773036
136.48 , 48.866011579004024 , 0.0 , 340.0773036
136.68 , 52.368665422419944 , 0.0 , 340.0773036
136.76 , 53.73386286534553 , 0.0 , 340.0773036
137.16 , 59.91957520254672 , 0.0 , 340.0773036
137.48 , 64.05943855497442 , 0.0 , 340.0773036
137.23 , 58.9376546196351 , 0.0 , 340.0773036
137.26 , 59.357590996673906 , 0.0 , 340.0773036
137.42 , 61.612421367810946 , 0.0 , 340.0773036
137.18 , 56.54481188841327 , 0.0 , 340.0773036
137.68 , 63.31455383453818 , 0.0 , 340.0773036
137.41 , 58.05500391039138 , 0.0 , 340.0773036
137.62 , 60.7836805716326 , 0.0 , 340.0773036
137.57 , 59.78641726492842 , 0.0 , 340.0773036
137.3 , 54.57895090880375 , 0.0 , 340.0773036
137.24 , 53.464498289484894 , 0.0 , 340.0773036
136.8 , 46.04013634111629 , 0.0 , 340.0773036
136.77 , 45.575430976313456 , 0.0 , 340.0773036
136.87 , 47.478445426419356 , 0.0 , 340.0773036
136.82 , 46.601045813942214 , 0.0 , 340.0773036
136.8 , 46.23300351854474 , 0.0 , 340.0773036
136.77 , 45.65059932495743 , 0.0 , 340.0773036
136.6 , 42.39173746061527 , 0.0 , 340.0773036
136.79 , 46.949950556308664 , 0.0 , 340.0773036
136.74 , 45.92024018942928 , 0.0 , 340.0773036
137.09 , 53.59291753098713 , 0.0 , 340.0773036
136.81 , 47.75562587876497 , 0.0 , 340.0773036
136.84 , 48.40406231307197 , 0.0 , 340.0773036
136.69 , 45.37178817587698 , 0.0 , 340.0773036
136.93 , 50.693988190516336 , 0.0 , 340.0773036
136.94 , 50.908599729414995 , 0.0 , 340.0773036
137.07 , 53.7282616823518 , 0.0 , 340.0773036
137.05 , 53.221793165576734 , 0.0 , 340.0773036
137.1 , 54.37959307420256 , 0.0 , 340.0773036
136.83 , 47.53728315196458 , 0.0 , 340.0773036
136.63 , 43.20105562456941 , 0.0 , 340.0773036
136.61 , 42.78080215114296 , 0.0 , 340.0773036
136.64 , 43.66604642567582 , 0.0 , 340.0773036
136.57 , 42.032005453665995 , 0.0 , 340.0773036
136.72 , 46.64000817073975 , 0.0 , 340.0773036
136.43 , 40.016933146908144 , 0.0 , 340.0773036
136.51 , 42.44500079015482 , 0.0 , 340.0773036
136.56 , 43.97153157270497 , 0.0 , 340.0773036
136.87 , 52.40094273765795 , 0.0 , 340.0773036
136.91 , 53.37567210814337 , 0.0 , 340.0773036
137.08 , 57.37110120880874 , 0.0 , 340.0773036
136.87 , 51.50007811564103 , 0.0 , 340.0773036
136.69 , 47.05514142768329 , 0.0 , 340.0773036
136.42 , 41.297351283552615 , 0.0 , 340.0773036
136.29 , 38.83347298230402 , 0.0 , 340.0773036
136.2 , 37.179660318729304 , 0.0 , 340.0773036
136.36 , 41.9155554583842 , 0.0 , 340.0773036
136.24 , 39.50979427895172 , 0.0 , 340.0773036
136.26 , 40.126594724888335 , 0.0 , 340.0773036
136.13 , 37.45329479798432 , 0.0 , 340.0773036
136.47 , 47.335494762196454 , 0.0 , 340.0773036
136.73 , 53.39899745287041 , 0.0 , 340.0773036
136.59 , 50.056973737363386 , 0.0 , 340.0773036
136.67 , 51.909163132732 , 0.0 , 340.0773036
136.76 , 53.97702914069272 , 0.0 , 340.0773036
136.7 , 52.36059484716588 , 0.0 , 340.0773036
136.67 , 51.52967116533743 , 0.0 , 340.0773036
136.97 , 58.60420010307189 , 0.0 , 340.0773036
136.87 , 55.686536631579855 , 0.0 , 340.0773036
137.06 , 59.78338810971277 , 0.0 , 340.0773036
136.89 , 54.89332910239069 , 0.0 , 340.0773036
136.8 , 52.44744333802821 , 0.0 , 340.0773036
136.81 , 52.699630691900765 , 0.0 , 340.0773036
136.8 , 52.40035712265583 , 0.0 , 340.0773036
136.85 , 53.81269340570141 , 0.0 , 340.0773036
136.7 , 49.105416375764605 , 0.0 , 340.0773036
136.6 , 46.203698445938485 , 0.0 , 340.0773036
136.22 , 37.206406679373586 , 0.0 , 340.0773036
136.13 , 35.44587300356826 , 0.0 , 340.0773036
136.12 , 35.246308900274286 , 0.0 , 340.0773036
136.09 , 34.6166466160105 , 0.0 , 340.0773036
136.16 , 37.42564746672937 , 0.0 , 340.0773036
136.52 , 49.45298139160482 , 0.0 , 340.0773036
136.79 , 56.245646752714606 , 0.0 , 340.0773036
137.22 , 64.44124401168436 , 0.0 , 340.0773036
137.37 , 66.77890118076624 , 0.0 , 340.0773036
137.07 , 58.496123134187684 , 0.0 , 340.0773036
137.11 , 59.222366524846535 , 0.0 , 340.0773036
137.55 , 66.22372944784615 , 0.0 , 340.0773036
137.58 , 66.64424743557258 , 0.0 , 340.0773036
137.49 , 64.06724476672476 , 0.0 , 340.0773036
137.59 , 65.6563086134619 , 0.0 , 340.0773036
137.54 , 64.12922949843856 , 0.0 , 340.0773036
137.5 , 62.869436148489385 , 0.0 , 340.0773036
137.19 , 54.013543470442094 , 0.0 , 340.0773036
137.44 , 59.026139051701456 , 0.0 , 340.0773036
137.85 , 65.64075794326027 , 0.0 , 340.0773036
137.77 , 63.48711192518303 , 0.0 , 340.0773036
137.67 , 60.8016985745094 , 0.0 , 340.0773036
137.51 , 56.67128713232046 , 0.0 , 340.0773036
137.47 , 55.65341295261362 , 0.0 , 340.0773036
137.35 , 52.60108189200013 , 0.0 , 340.0773036
137.38 , 53.29079268570239 , 0.0 , 340.0773036
137.25 , 49.90215836794699 , 0.0 , 340.0773036
137.33 , 51.92795766451827 , 0.0 , 340.0773036
137.3 , 51.09358564211311 , 0.0 , 340.0773036
136.84 , 40.379781241712564 , 0.0 , 340.0773036
136.85 , 40.671034611129095 , 0.0 , 340.0773036
136.86 , 40.98152635024954 , 0.0 , 340.0773036
136.71 , 37.78703285171398 , 0.0 , 340.0773036
136.66 , 36.75846101691524 , 0.0 , 340.0773036
136.61 , 35.71160749199373 , 0.0 , 340.0773036
136.54 , 34.24135390751743 , 0.0 , 340.0773036
136.48 , 32.98771357469959 , 0.0 , 340.0773036
136.74 , 42.766387553651256 , 0.0 , 340.0773036
136.88 , 47.23156873140256 , 0.0 , 340.0773036
136.73 , 43.33094552998371 , 0.0 , 340.0773036
136.78 , 44.96258092510283 , 0.0 , 340.0773036
136.73 , 43.61034835981058 , 0.0 , 340.0773036
136.82 , 46.71668543104822 , 0.0 , 340.0773036
137.15 , 56.23629908313442 , 0.0 , 340.0773036
136.89 , 48.83358775354021 , 0.0 , 340.0773036
137.17 , 55.61038953647049 , 0.0 , 340.0773036
137.49 , 61.83216056474776 , 0.0 , 340.0773036
137.3 , 56.74636344372351 , 0.0 , 340.0773036
137.28 , 56.22214404118172 , 0.0 , 340.0773036
137.43 , 59.261789627956105 , 0.0 , 340.0773036
137.51 , 60.82411224258168 , 0.0 , 340.0773036
137.59 , 62.37791647235697 , 0.0 , 340.0773036
137.21 , 51.856807434375476 , 0.0 , 340.0773036
137.28 , 53.41553736213941 , 0.0 , 340.0773036
137.19 , 51.12368170286873 , 0.0 , 340.0773036
136.97 , 45.93530908862677 , 0.0 , 340.0773036
136.83 , 42.94824528592692 , 0.0 , 340.0773036
136.81 , 42.522836237243276 , 0.0 , 340.0773036
136.59 , 38.05727218202819 , 0.0 , 340.0773036
136.59 , 38.0572721820282 , 0.0 , 340.0773036
136.45 , 35.319815547841785 , 0.0 , 340.0773036
136.47 , 36.02774163688289 , 0.0 , 340.0773036
136.74 , 44.809813408733675 , 0.0 , 340.0773036
136.62 , 42.04705417420108 , 0.0 , 340.0773036
137.0 , 52.1152980431407 , 0.0 , 340.0773036
136.78 , 47.02195784286914 , 0.0 , 340.0773036
136.59 , 43.10391003991339 , 0.0 , 340.0773036
136.71 , 46.15547687352639 , 0.0 , 340.0773036
136.83 , 49.095695700723915 , 0.0 , 340.0773036
136.96 , 52.144415649293364 , 0.0 , 340.0773036
137.04 , 53.971348543067556 , 0.0 , 340.0773036
137.07 , 54.6702076872085 , 0.0 , 340.0773036
137.11 , 55.63737597331395 , 0.0 , 340.0773036
137.01 , 52.61497303813074 , 0.0 , 340.0773036
136.81 , 47.10366026753754 , 0.0 , 340.0773036
136.74 , 45.31455397415003 , 0.0 , 340.0773036
136.56 , 41.001899963852104 , 0.0 , 340.0773036
136.62 , 42.95093162133776 , 0.0 , 340.0773036
136.52 , 40.54673392077029 , 0.0 , 340.0773036
136.82 , 49.6518776574592 , 0.0 , 340.0773036
136.79 , 48.84626344520797 , 0.0 , 340.0773036
136.45 , 40.772110359448924 , 0.0 , 340.0773036
136.33 , 38.36191146449175 , 0.0 , 340.0773036
136.33 , 38.36191146449175 , 0.0 , 340.0773036
136.5 , 43.818486923242936 , 0.0 , 340.0773036
136.3 , 39.39945649817474 , 0.0 , 340.0773036
136.39 , 42.223169326643 , 0.0 , 340.0773036
136.35 , 41.302046086243934 , 0.0 , 340.0773036
136.08 , 35.648773127325896 , 0.0 , 340.0773036
135.97 , 33.62920462652449 , 0.0 , 340.0773036
135.95 , 33.26025962637752 , 0.0 , 340.0773036
136.12 , 39.35102803207084 , 0.0 , 340.0773036
136.02 , 37.200373583629634 , 0.0 , 340.0773036
136.05 , 38.28999609244099 , 0.0 , 340.0773036
135.88 , 34.623873309788365 , 0.0 , 340.0773036
136.09 , 42.01019757623251 , 0.0 , 340.0773036
135.93 , 38.44612057706882 , 0.0 , 340.0773036
136.3 , 49.18279029906482 , 0.0 , 340.0773036
136.22 , 47.26319283598706 , 0.0 , 340.0773036
136.0 , 42.366155285742835 , 0.0 , 340.0773036
136.08 , 44.613483072609746 , 0.0 , 340.0773036
136.26 , 49.3948366651841 , 0.0 , 340.0773036
136.27 , 49.6548625104545 , 0.0 , 340.0773036
136.45 , 54.215230670721326 , 0.0 , 340.0773036
136.66 , 58.893491551578315 , 0.0 , 340.0773036
136.65 , 58.586500053168145 , 0.0 , 340.0773036
136.59 , 56.67750116987793 , 0.0 , 340.0773036
136.33 , 49.19665870987283 , 0.0 , 340.0773036
136.09 , 43.49034963858898 , 0.0 , 340.0773036
135.86 , 38.84081684310735 , 0.0 , 340.0773036
136.14 , 46.35923167961513 , 0.0 , 340.0773036
136.22 , 48.31425537195954 , 0.0 , 340.0773036
136.03 , 44.19448153077944 , 0.0 , 340.0773036
135.91 , 41.77181436719464 , 0.0 , 340.0773036
135.89 , 41.36481825268883 , 0.0 , 340.0773036
135.65 , 36.73889008237529 , 0.0 , 340.0773036
135.83 , 41.9796476828872 , 0.0 , 340.0773036
135.71 , 39.62298267001327 , 0.0 , 340.0773036
136.19 , 51.38046948605272 , 0.0 , 340.0773036
135.97 , 46.87490345585938 , 0.0 , 340.0773036
135.89 , 45.318650293331174 , 0.0 , 340.0773036
135.91 , 45.80308927752919 , 0.0 , 340.0773036
135.98 , 47.55439390617502 , 0.0 , 340.0773036
136.04 , 49.073434722938785 , 0.0 , 340.0773036
135.73 , 42.262446955299936 , 0.0 , 340.0773036
135.83 , 44.91824124430824 , 0.0 , 340.0773036
136.13 , 52.044769041530834 , 0.0 , 340.0773036
136.22 , 53.96886958822604 , 0.0 , 340.0773036
136.12 , 51.49650939738649 , 0.0 , 340.0773036
136.25 , 54.419804378495805 , 0.0 , 340.0773036
136.41 , 57.79158999034366 , 0.0 , 340.0773036
136.29 , 54.53328753993703 , 0.0 , 340.0773036
136.43 , 57.54094613555865 , 0.0 , 340.0773036
136.47 , 58.38792198533268 , 0.0 , 340.0773036
136.49 , 58.830138350143166 , 0.0 , 340.0773036
136.27 , 52.252098346475314 , 0.0 , 340.0773036
136.28 , 52.51201992755823 , 0.0 , 340.0773036
136.18 , 49.60405026309702 , 0.0 , 340.0773036
136.27 , 52.171181061649094 , 0.0 , 340.0773036
135.92 , 42.998158920576905 , 0.0 , 340.0773036
136.05 , 46.7436854190171 , 0.0 , 340.0773036
136.07 , 47.31722573910678 , 0.0 , 340.0773036
136.01 , 45.72624712361708 , 0.0 , 340.0773036
135.95 , 44.12835487790158 , 0.0 , 340.0773036
135.94 , 43.8533010751282 , 0.0 , 340.0773036
136.14 , 50.498836839487446 , 0.0 , 340.0773036
136.1 , 49.24347437769893 , 0.0 , 340.0773036
136.08 , 48.59302073788129 , 0.0 , 340.0773036
135.87 , 42.278236610923784 , 0.0 , 340.0773036
135.99 , 46.55247595149184 , 0.0 , 340.0773036
136.21 , 53.36978227185213 , 0.0 , 340.0773036
136.25 , 54.50599942080985 , 0.0 , 340.0773036
136.09 , 49.32832282015945 , 0.0 , 340.0773036
136.05 , 48.0982120022646 , 0.0 , 340.0773036
135.95 , 45.072130195950486 , 0.0 , 340.0773036
136.01 , 47.217858227509055 , 0.0 , 340.0773036
135.97 , 45.92970075163819 , 0.0 , 340.0773036
136.07 , 49.62938467741413 , 0.0 , 340.0773036
136.17 , 53.086310954482194 , 0.0 , 340.0773036
136.05 , 48.76160318082685 , 0.0 , 340.0773036
136.09 , 50.21744708708733 , 0.0 , 340.0773036
136.15 , 52.40210272545849 , 0.0 , 340.0773036
136.25 , 55.87746227567776 , 0.0 , 340.0773036
136.38 , 59.969426451950994 , 0.0 , 340.0773036
136.41 , 60.87126690516113 , 0.0 , 340.0773036
136.45 , 62.09738005553048 , 0.0 , 340.0773036
136.63 , 67.09430702411314 , 0.0 , 340.0773036
136.78 , 70.57563046871415 , 0.0 , 340.0773036
136.76 , 69.51953396311158 , 0.0 , 340.0773036
136.44 , 55.26889631846997 , 0.0 , 340.0773036
136.41 , 54.14825186669834 , 0.0 , 340.0773036
136.57 , 58.93106985570369 , 0.0 , 340.0773036
136.46 , 54.706122738941396 , 0.0 , 340.0773036
136.5 , 55.94304780702806 , 0.0 , 340.0773036
136.63 , 59.7866803575223 , 0.0 , 340.0773036
136.64 , 60.075223816699406 , 0.0 , 340.0773036
136.61 , 58.71412444005462 , 0.0 , 340.0773036
136.59 , 57.774351488222294 , 0.0 , 340.0773036
136.8 , 64.24554639077158 , 0.0 , 340.0773036
136.93 , 67.55990163211838 , 0.0 , 340.0773036
137.05 , 70.29700805822672 , 0.0 , 340.0773036
136.93 , 64.4415585461667 , 0.0 , 340.0773036
136.93 , 64.4415585461667 , 0.0 , 340.0773036
137.0 , 66.33845492105236 , 0.0 , 340.0773036
137.06 , 67.91823639772446 , 0.0 , 340.0773036
137.17 , 70.63882297236802 , 0.0 , 340.0773036
137.1 , 66.75906528907952 , 0.0 , 340.0773036
137.19 , 69.10832865422867 , 0.0 , 340.0773036
137.17 , 67.9589130920108 , 0.0 , 340.0773036
137.01 , 59.4414416306608 , 0.0 , 340.0773036
137.04 , 60.44254418584825 , 0.0 , 340.0773036
137.05 , 60.789965701701995 , 0.0 , 340.0773036
137.1 , 62.56053403378412 , 0.0 , 340.0773036
137.39 , 70.7972175654178 , 0.0 , 340.0773036
137.41 , 71.26670592979747 , 0.0 , 340.0773036
137.21 , 60.74892995187419 , 0.0 , 340.0773036
137.22 , 61.05839087160554 , 0.0 , 340.0773036
137.23 , 61.38624528030283 , 0.0 , 340.0773036
137.44 , 67.56241982994707 , 0.0 , 340.0773036
137.47 , 68.34145159975452 , 0.0 , 340.0773036
137.44 , 66.6184490447244 , 0.0 , 340.0773036
137.34 , 61.08962685061209 , 0.0 , 340.0773036
137.28 , 57.98038072183458 , 0.0 , 340.0773036
137.33 , 59.815844882327205 , 0.0 , 340.0773036
137.22 , 54.206027298860825 , 0.0 , 340.0773036
137.1 , 48.8263078572193 , 0.0 , 340.0773036
137.05 , 46.744613051392776 , 0.0 , 340.0773036
137.14 , 50.80995932733635 , 0.0 , 340.0773036
137.16 , 51.69247206474352 , 0.0 , 340.0773036
137.39 , 60.47464696644633 , 0.0 , 340.0773036
137.19 , 51.67691562019592 , 0.0 , 340.0773036
137.0 , 44.98200944216035 , 0.0 , 340.0773036
137.02 , 45.778319068529555 , 0.0 , 340.0773036
137.19 , 52.121684262137926 , 0.0 , 340.0773036
137.22 , 53.163024376121946 , 0.0 , 340.0773036
137.31 , 56.238100270121684 , 0.0 , 340.0773036
137.3 , 55.79972982638702 , 0.0 , 340.0773036
137.26 , 53.986953912737576 , 0.0 , 340.0773036
137.26 , 53.98695391273757 , 0.0 , 340.0773036
137.4 , 59.34780165756859 , 0.0 , 340.0773036
137.33 , 55.84442372913476 , 0.0 , 340.0773036
137.35 , 56.632134955074 , 0.0 , 340.0773036
137.02 , 43.001080002535424 , 0.0 , 340.0773036
136.84 , 37.674405158967076 , 0.0 , 340.0773036
136.93 , 41.571628485840115 , 0.0 , 340.0773036
136.84 , 38.948812818437354 , 0.0 , 340.0773036
136.76 , 36.73046654974041 , 0.0 , 340.0773036
136.58 , 32.27612330307143 , 0.0 , 340.0773036
136.88 , 44.38222411653371 , 0.0 , 340.0773036
137.07 , 50.42631155418269 , 0.0 , 340.0773036
137.19 , 53.83832700683931 , 0.0 , 340.0773036
137.2 , 54.121707816363255 , 0.0 , 340.0773036
137.06 , 49.53681009097192 , 0.0 , 340.0773036
136.92 , 45.395343606528996 , 0.0 , 340.0773036
137.07 , 50.19940503765522 , 0.0 , 340.0773036
137.12 , 51.72406500105758 , 0.0 , 340.0773036
137.11 , 51.38522753299847 , 0.0 , 340.0773036
136.92 , 45.311620889956366 , 0.0 , 340.0773036
136.95 , 46.38911204825797 , 0.0 , 340.0773036
137.1 , 51.531158445382005 , 0.0 , 340.0773036
136.97 , 47.29712298272067 , 0.0 , 340.0773036
136.73 , 40.65573338100331 , 0.0 , 340.0773036
136.68 , 39.41402817337117 , 0.0 , 340.0773036
136.71 , 40.58654066023068 , 0.0 , 340.0773036
136.91 , 47.83459448848137 , 0.0 , 340.0773036
136.95 , 49.17017437186448 , 0.0 , 340.0773036
136.94 , 48.8335617668168 , 0.0 , 340.0773036
136.93 , 48.47617239668464 , 0.0 , 340.0773036
136.74 , 42.162426351500656 , 0.0 , 340.0773036
136.56 , 37.21700000460083 , 0.0 , 340.0773036
136.46 , 34.776513760604175 , 0.0 , 340.0773036
136.41 , 33.590456661365764 , 0.0 , 340.0773036
136.71 , 45.582520014057934 , 0.0 , 340.0773036
136.71 , 45.582520014057934 , 0.0 , 340.0773036
136.54 , 40.74687152585667 , 0.0 , 340.0773036
136.52 , 40.206468123242736 , 0.0 , 340.0773036
136.74 , 48.325067182300366 , 0.0 , 340.0773036
137.27 , 61.78627738593898 , 0.0 , 340.0773036
137.14 , 57.808435063438445 , 0.0 , 340.0773036
137.2 , 59.116695206137 , 0.0 , 340.0773036
137.3 , 61.272085957197596 , 0.0 , 340.0773036
137.07 , 54.19503906337546 , 0.0 , 340.0773036
137.18 , 56.766943795734385 , 0.0 , 340.0773036
137.2 , 57.23708857723355 , 0.0 , 340.0773036
137.34 , 60.47710460586701 , 0.0 , 340.0773036
137.33 , 60.12667264251665 , 0.0 , 340.0773036
137.65 , 66.76352733579857 , 0.0 , 340.0773036
137.47 , 60.6483886877848 , 0.0 , 340.0773036
137.47 , 60.6483886877848 , 0.0 , 340.0773036
137.42 , 58.91009317143189 , 0.0 , 340.0773036
137.42 , 58.91009317143189 , 0.0 , 340.0773036
137.41 , 58.52103396541353 , 0.0 , 340.0773036
137.38 , 57.29846074138961 , 0.0 , 340.0773036
137.49 , 60.552608670141694 , 0.0 , 340.0773036
137.61 , 63.7941101980973 , 0.0 , 340.0773036
137.67 , 65.32822785955965 , 0.0 , 340.0773036
137.7 , 66.10164319459531 , 0.0 , 340.0773036
138.14 , 74.93341764442663 , 0.0 , 340.0773036
138.5 , 79.61343870633581 , 0.0 , 340.0773036
138.75 , 82.11122599546296 , 0.0 , 340.0773036
138.79 , 82.48107428212117 , 0.0 , 340.0773036
138.96 , 83.99553434709681 , 0.0 , 340.0773036
139.4 , 87.10312198553541 , 0.0 , 340.0773036
139.51 , 87.7438321285332 , 0.0 , 340.0773036
139.69 , 88.73044813535405 , 0.0 , 340.0773036
139.77 , 89.14855119661713 , 0.0 , 340.0773036
139.92 , 89.9048208704894 , 0.0 , 340.0773036
140.38 , 91.79364144338527 , 0.0 , 340.0773036
140.42 , 91.93495067847923 , 0.0 , 340.0773036
139.87 , 73.25606290646483 , 0.0 , 340.0773036
139.84 , 72.39208094593192 , 0.0 , 340.0773036
140.0 , 74.14359132558832 , 0.0 , 340.0773036
140.14 , 75.60214819757277 , 0.0 , 340.0773036
139.76 , 64.9006526986541 , 0.0 , 340.0773036
139.53 , 59.41838655846784 , 0.0 , 340.0773036
139.65 , 61.25721001913439 , 0.0 , 340.0773036
140.26 , 68.95740919453944 , 0.0 , 340.0773036
140.42 , 70.60755245290326 , 0.0 , 340.0773036
140.31 , 67.93388418553256 , 0.0 , 340.0773036
140.55 , 70.55380844992249 , 0.0 , 340.0773036
140.3 , 64.63013769560705 , 0.0 , 340.0773036
140.59 , 67.9877414276787 , 0.0 , 340.0773036
140.5 , 65.89704393766841 , 0.0 , 340.0773036
140.3 , 61.379948435612 , 0.0 , 340.0773036
140.65 , 65.79833149387582 , 0.0 , 340.0773036
140.44 , 61.269066673297445 , 0.0 , 340.0773036
140.26 , 57.6085873924957 , 0.0 , 340.0773036
140.51 , 61.085989161957436 , 0.0 , 340.0773036
140.58 , 62.02530995157842 , 0.0 , 340.0773036
140.45 , 59.16883165621215 , 0.0 , 340.0773036
140.61 , 61.517830725079925 , 0.0 , 340.0773036
140.64 , 61.959727279121424 , 0.0 , 340.0773036
140.33 , 54.93921731951084 , 0.0 , 340.0773036
140.61 , 59.4125569773552 , 0.0 , 340.0773036
140.71 , 60.905275603945555 , 0.0 , 340.0773036
140.51 , 56.4348553182472 , 0.0 , 340.0773036
140.49 , 55.99226070045361 , 0.0 , 340.0773036
140.32 , 52.24183356148322 , 0.0 , 340.0773036
140.44 , 54.55575510559873 , 0.0 , 340.0773036
140.57 , 56.98709962700346 , 0.0 , 340.0773036
140.75 , 60.16504059886275 , 0.0 , 340.0773036
140.72 , 59.37762618161037 , 0.0 , 340.0773036
140.64 , 57.226767966825506 , 0.0 , 340.0773036
140.6 , 56.13192069150834 , 0.0 , 340.0773036
140.6 , 56.13192069150834 , 0.0 , 340.0773036
140.5 , 53.18188400356924 , 0.0 , 340.0773036
140.63 , 56.3905613368344 , 0.0 , 340.0773036
140.49 , 52.23842545266707 , 0.0 , 340.0773036
140.44 , 50.79978049493151 , 0.0 , 340.0773036
140.4 , 49.62240225486907 , 0.0 , 340.0773036
140.1 , 41.797932496095754 , 0.0 , 340.0773036
139.97 , 38.933077490826115 , 0.0 , 340.0773036
140.08 , 42.5229290495489 , 0.0 , 340.0773036
140.1 , 43.17698771400048 , 0.0 , 340.0773036
140.33 , 50.19589830033156 , 0.0 , 340.0773036
140.26 , 48.242762185726455 , 0.0 , 340.0773036
140.11 , 44.26782418968189 , 0.0 , 340.0773036
140.32 , 50.42616133177184 , 0.0 , 340.0773036
140.54 , 55.92125109755476 , 0.0 , 340.0773036
140.39 , 51.7123405241905 , 0.0 , 340.0773036
140.27 , 48.563317495586084 , 0.0 , 340.0773036
140.33 , 50.19635973189689 , 0.0 , 340.0773036
140.38 , 51.5760701267471 , 0.0 , 340.0773036
140.54 , 55.796158303158435 , 0.0 , 340.0773036
140.7 , 59.58884876629349 , 0.0 , 340.0773036
140.7 , 59.58884876629349 , 0.0 , 340.0773036
140.69 , 59.220542464318626 , 0.0 , 340.0773036
140.72 , 60.01891334203274 , 0.0 , 340.0773036
140.69 , 58.77961836960078 , 0.0 , 340.0773036
140.55 , 53.253430864405196 , 0.0 , 340.0773036
140.51 , 51.75623650495195 , 0.0 , 340.0773036
140.72 , 58.37305360628823 , 0.0 , 340.0773036
140.78 , 60.05862667197642 , 0.0 , 340.0773036
140.75 , 58.77707625554402 , 0.0 , 340.0773036
140.79 , 60.00258288781593 , 0.0 , 340.0773036
140.96 , 64.79305999022381 , 0.0 , 340.0773036
141.0 , 65.8300786107508 , 0.0 , 340.0773036
141.19 , 70.30441339263804 , 0.0 , 340.0773036
141.3 , 72.54580135738829 , 0.0 , 340.0773036
141.23 , 68.97780396121343 , 0.0 , 340.0773036
141.26 , 69.66636834237258 , 0.0 , 340.0773036
141.16 , 64.52516734063882 , 0.0 , 340.0773036
141.16 , 64.5251673406388 , 0.0 , 340.0773036
141.11 , 61.87720694717784 , 0.0 , 340.0773036
141.01 , 56.85211885312813 , 0.0 , 340.0773036
140.96 , 54.47020171631275 , 0.0 , 340.0773036
140.93 , 53.03446721197139 , 0.0 , 340.0773036
141.12 , 60.19115066429998 , 0.0 , 340.0773036
141.44 , 68.81123933696924 , 0.0 , 340.0773036
141.29 , 62.03069275064793 , 0.0 , 340.0773036
141.18 , 57.551994407806276 , 0.0 , 340.0773036
140.96 , 49.80655032955139 , 0.0 , 340.0773036
141.1 , 54.04501539203073 , 0.0 , 340.0773036
141.29 , 59.093532051781985 , 0.0 , 340.0773036
141.23 , 56.965276800881036 , 0.0 , 340.0773036
141.07 , 51.625741267706424 , 0.0 , 340.0773036
140.96 , 48.27549025077728 , 0.0 , 340.0773036
140.98 , 48.92449180603231 , 0.0 , 340.0773036
140.91 , 46.71516496410201 , 0.0 , 340.0773036
140.77 , 42.574258526682755 , 0.0 , 340.0773036
140.66 , 39.60379854051558 , 0.0 , 340.0773036
140.56 , 37.07153347912597 , 0.0 , 340.0773036
140.65 , 40.74379297106855 , 0.0 , 340.0773036
140.95 , 51.00701144876139 , 0.0 , 340.0773036
140.92 , 50.07302993594317 , 0.0 , 340.0773036
140.85 , 47.8704223568156 , 0.0 , 340.0773036
140.65 , 42.16367838445774 , 0.0 , 340.0773036
140.6 , 40.852492162689124 , 0.0 , 340.0773036
141.03 , 54.078412740513635 , 0.0 , 340.0773036
141.07 , 55.08455952168011 , 0.0 , 340.0773036
140.94 , 51.16124102034361 , 0.0 , 340.0773036
140.78 , 46.74808924779409 , 0.0 , 340.0773036
140.76 , 46.21148706690927 , 0.0 , 340.0773036
140.79 , 47.19069508867038 , 0.0 , 340.0773036
140.98 , 53.02356762077397 , 0.0 , 340.0773036
140.85 , 49.032997786902314 , 0.0 , 340.0773036
140.81 , 47.839949544499376 , 0.0 , 340.0773036
141.04 , 54.66977988087554 , 0.0 , 340.0773036
140.99 , 53.04373379268904 , 0.0 , 340.0773036
140.93 , 51.080349487187384 , 0.0 , 340.0773036
140.95 , 51.72183289917444 , 0.0 , 340.0773036
140.88 , 49.2858348832522 , 0.0 , 340.0773036
140.77 , 45.64752576906445 , 0.0 , 340.0773036
140.66 , 42.285839953215806 , 0.0 , 340.0773036
140.57 , 39.70913432391128 , 0.0 , 340.0773036
140.61 , 41.41772580636279 , 0.0 , 340.0773036
140.51 , 38.48166362879776 , 0.0 , 340.0773036
140.56 , 40.74354264287576 , 0.0 , 340.0773036
140.72 , 47.40737820529575 , 0.0 , 340.0773036
140.57 , 42.57361794997493 , 0.0 , 340.0773036
140.45 , 39.135762306952714 , 0.0 , 340.0773036
140.62 , 45.81159993622501 , 0.0 , 340.0773036
140.6 , 45.18369901833534 , 0.0 , 340.0773036
140.52 , 42.66469435267637 , 0.0 , 340.0773036
140.66 , 48.11603225317758 , 0.0 , 340.0773036
140.56 , 44.83679964250102 , 0.0 , 340.0773036
140.51 , 43.249643562157246 , 0.0 , 340.0773036
140.37 , 39.07840893429358 , 0.0 , 340.0773036
140.24 , 35.64099447108243 , 0.0 , 340.0773036
140.11 , 32.55693189647653 , 0.0 , 340.0773036
140.36 , 42.80641626945738 , 0.0 , 340.0773036
140.19 , 38.51955387288098 , 0.0 , 340.0773036
140.96 , 58.696143572909385 , 0.0 , 340.0773036
141.13 , 61.685749629757915 , 0.0 , 340.0773036
141.2 , 62.87725830244043 , 0.0 , 340.0773036
141.42 , 66.41253511309793 , 0.0 , 340.0773036
142.11 , 74.58687293983564 , 0.0 , 340.0773036
142.41 , 77.1865702546867 , 0.0 , 340.0773036
142.24 , 72.65113048123236 , 0.0 , 340.0773036
141.97 , 66.0163203315784 , 0.0 , 340.0773036
142.01 , 66.50436021185723 , 0.0 , 340.0773036
141.8 , 61.51005571028784 , 0.0 , 340.0773036
141.66 , 58.363333459285315 , 0.0 , 340.0773036
141.53 , 55.52290116695953 , 0.0 , 340.0773036
141.4 , 52.75777164124863 , 0.0 , 340.0773036
141.39 , 52.54100967875475 , 0.0 , 340.0773036
141.43 , 53.366364288227906 , 0.0 , 340.0773036
141.45 , 53.79900570930343 , 0.0 , 340.0773036
141.41 , 52.74504322557166 , 0.0 , 340.0773036
141.29 , 49.60536262349099 , 0.0 , 340.0773036
141.51 , 54.90513291741643 , 0.0 , 340.0773036
141.39 , 51.71068188474182 , 0.0 , 340.0773036
141.48 , 53.87807009294523 , 0.0 , 340.0773036
141.61 , 56.88808388256411 , 0.0 , 340.0773036
141.47 , 52.885272492418004 , 0.0 , 340.0773036
141.18 , 45.71040998480472 , 0.0 , 340.0773036
141.68 , 56.63439179364064 , 0.0 , 340.0773036
141.16 , 46.21846445667538 , 0.0 , 340.0773036
141.18 , 46.62506355102405 , 0.0 , 340.0773036
141.16 , 46.24851955450471 , 0.0 , 340.0773036
140.98 , 42.89120716352407 , 0.0 , 340.0773036
141.09 , 45.49516421578147 , 0.0 , 340.0773036
140.91 , 42.11143658801878 , 0.0 , 340.0773036
141.16 , 47.90659236591496 , 0.0 , 340.0773036
141.21 , 49.006117349166175 , 0.0 , 340.0773036
140.88 , 42.61325104455562 , 0.0 , 340.0773036
140.71 , 39.73741203272364 , 0.0 , 340.0773036
140.65 , 38.74359411853233 , 0.0 , 340.0773036
140.54 , 36.92053262849607 , 0.0 , 340.0773036
140.74 , 42.242046533060964 , 0.0 , 340.0773036
140.83 , 44.51062705011032 , 0.0 , 340.0773036
140.71 , 42.134323862686266 , 0.0 , 340.0773036
141.05 , 50.240186443363534 , 0.0 , 340.0773036
140.77 , 44.68835387882885 , 0.0 , 340.0773036
140.87 , 46.943378865427995 , 0.0 , 340.0773036
140.46 , 39.78209393807881 , 0.0 , 340.0773036
140.71 , 45.26513495323432 , 0.0 , 340.0773036
140.77 , 46.523636168319356 , 0.0 , 340.0773036
140.81 , 47.39206506548287 , 0.0 , 340.0773036
140.65 , 44.29352367010195 , 0.0 , 340.0773036
140.89 , 49.61496387109277 , 0.0 , 340.0773036
141.04 , 52.658840783700015 , 0.0 , 340.0773036
141.31 , 57.62164144960798 , 0.0 , 340.0773036
141.7 , 63.56335665495294 , 0.0 , 340.0773036
141.72 , 63.84332329072667 , 0.0 , 340.0773036
141.65 , 62.046369056273555 , 0.0 , 340.0773036
141.46 , 57.32963939726608 , 0.0 , 340.0773036
141.45 , 57.083677609735574 , 0.0 , 340.0773036
141.17 , 50.54474108618492 , 0.0 , 340.0773036
140.98 , 46.640483410212134 , 0.0 , 340.0773036
140.91 , 45.25358512855458 , 0.0 , 340.0773036
140.8 , 43.08542536563659 , 0.0 , 340.0773036
140.82 , 43.61439232835841 , 0.0 , 340.0773036
140.8 , 43.1821828078428 , 0.0 , 340.0773036
140.76 , 42.279756678774824 , 0.0 , 340.0773036
140.64 , 39.60569946227533 , 0.0 , 340.0773036
140.33 , 33.67958449671634 , 0.0 , 340.0773036
140.46 , 37.877445301030995 , 0.0 , 340.0773036
140.39 , 36.53639263996325 , 0.0 , 340.0773036
140.28 , 34.47101912118657 , 0.0 , 340.0773036
140.32 , 35.89023708292876 , 0.0 , 340.0773036
140.46 , 40.72875612383176 , 0.0 , 340.0773036
140.29 , 37.0701305315166 , 0.0 , 340.0773036
140.35 , 39.14781693035438 , 0.0 , 340.0773036
140.33 , 38.68927695011445 , 0.0 , 340.0773036
140.31 , 38.20732803207355 , 0.0 , 340.0773036
140.27 , 37.209000430242654 , 0.0 , 340.0773036
140.27 , 37.209000430242654 , 0.0 , 340.0773036
140.34 , 40.371204295834445 , 0.0 , 340.0773036
140.47 , 45.827539305343656 , 0.0 , 340.0773036
140.34 , 41.71662143008665 , 0.0 , 340.0773036
140.63 , 52.04995815711978 , 0.0 , 340.0773036
140.61 , 51.373483457308154 , 0.0 , 340.0773036
140.38 , 44.25092459473143 , 0.0 , 340.0773036
140.34 , 43.130963262349944 , 0.0 , 340.0773036
140.45 , 47.09633422725897 , 0.0 , 340.0773036
140.5 , 48.84247587304534 , 0.0 , 340.0773036
140.45 , 47.16596224947361 , 0.0 , 340.0773036
140.53 , 50.11630644464452 , 0.0 , 340.0773036
140.35 , 44.14332547270076 , 0.0 , 340.0773036
140.46 , 48.20586433535083 , 0.0 , 340.0773036
140.32 , 43.83595013008957 , 0.0 , 340.0773036
140.26 , 42.075552551979364 , 0.0 , 340.0773036
140.41 , 47.727267308949536 , 0.0 , 340.0773036
140.4 , 47.395260740206005 , 0.0 , 340.0773036
140.64 , 55.41194158170891 , 0.0 , 340.0773036
140.73 , 57.99697544652228 , 0.0 , 340.0773036
140.72 , 57.59740554138132 , 0.0 , 340.0773036
140.75 , 58.520667875115414 , 0.0 , 340.0773036
140.66 , 54.67453963420431 , 0.0 , 340.0773036
140.82 , 59.74032627492921 , 0.0 , 340.0773036
140.85 , 60.628849394984016 , 0.0 , 340.0773036
141.03 , 65.54263772697078 , 0.0 , 340.0773036
140.92 , 60.567735628536525 , 0.0 , 340.0773036
140.73 , 53.07415611326254 , 0.0 , 340.0773036
140.62 , 49.27328399038885 , 0.0 , 340.0773036
140.45 , 44.02583007208731 , 0.0 , 340.0773036
140.49 , 45.496638687685504 , 0.0 , 340.0773036
140.6 , 49.43180702443536 , 0.0 , 340.0773036
140.69 , 52.45639777523694 , 0.0 , 340.0773036
140.77 , 55.03113702046676 , 0.0 , 340.0773036
140.79 , 55.67737332301264 , 0.0 , 340.0773036
140.54 , 46.65236161553426 , 0.0 , 340.0773036
140.94 , 58.299410450455014 , 0.0 , 340.0773036
141.02 , 60.17225237742482 , 0.0 , 340.0773036
141.14 , 62.866287430745814 , 0.0 , 340.0773036
141.25 , 65.19067839092624 , 0.0 , 340.0773036
141.3 , 66.225560685715 , 0.0 , 340.0773036
141.12 , 59.381218889133926 , 0.0 , 340.0773036
141.07 , 57.600423968447224 , 0.0 , 340.0773036
141.16 , 59.92981975123304 , 0.0 , 340.0773036
141.34 , 64.16964154515593 , 0.0 , 340.0773036
141.35 , 64.39503899577775 , 0.0 , 340.0773036
141.41 , 65.78576204313731 , 0.0 , 340.0773036
141.32 , 61.881263606631286 , 0.0 , 340.0773036
141.58 , 67.82278098717906 , 0.0 , 340.0773036
141.79 , 71.66445941458039 , 0.0 , 340.0773036
141.7 , 67.92172420797247 , 0.0 , 340.0773036
141.58 , 63.18353282589523 , 0.0 , 340.0773036
141.71 , 65.95437622752412 , 0.0 , 340.0773036
142.4 , 76.19503406341106 , 0.0 , 340.0773036
142.59 , 78.14450349911792 , 0.0 , 340.0773036
142.54 , 76.37201190375258 , 0.0 , 340.0773036
142.37 , 70.51556339872789 , 0.0 , 340.0773036
142.25 , 66.63141223452986 , 0.0 , 340.0773036
142.21 , 65.33944933622587 , 0.0 , 340.0773036
142.36 , 67.85643647948444 , 0.0 , 340.0773036
142.38 , 68.18814600226997 , 0.0 , 340.0773036
142.15 , 60.460958210993454 , 0.0 , 340.0773036
142.0 , 56.003608567131224 , 0.0 , 340.0773036
142.21 , 60.404678497738786 , 0.0 , 340.0773036
142.15 , 58.60098488977956 , 0.0 , 340.0773036
142.26 , 60.9057726626675 , 0.0 , 340.0773036
142.09 , 55.74094125554836 , 0.0 , 340.0773036
141.98 , 52.63089468409089 , 0.0 , 340.0773036
142.22 , 58.12112810027804 , 0.0 , 340.0773036
141.97 , 51.43373108626692 , 0.0 , 340.0773036
142.09 , 54.16014759727395 , 0.0 , 340.0773036
141.93 , 50.12004550695154 , 0.0 , 340.0773036
141.87 , 48.6543291310155 , 0.0 , 340.0773036
141.85 , 48.14886773689037 , 0.0 , 340.0773036
141.63 , 42.87263388507904 , 0.0 , 340.0773036
141.55 , 41.108538812211386 , 0.0 , 340.0773036
141.54 , 40.8820902276184 , 0.0 , 340.0773036
141.69 , 45.712800093001086 , 0.0 , 340.0773036
141.66 , 44.92218082411719 , 0.0 , 340.0773036
141.66 , 44.9221808241172 , 0.0 , 340.0773036
141.96 , 54.1241903611691 , 0.0 , 340.0773036
141.94 , 53.482667076647374 , 0.0 , 340.0773036
141.76 , 47.97163743822482 , 0.0 , 340.0773036
141.63 , 44.41222926182957 , 0.0 , 340.0773036
141.81 , 49.94972672509162 , 0.0 , 340.0773036
141.87 , 51.67773183494817 , 0.0 , 340.0773036
141.81 , 49.82517275950383 , 0.0 , 340.0773036
141.78 , 48.88161422139651 , 0.0 , 340.0773036
141.66 , 45.19478488974565 , 0.0 , 340.0773036
141.55 , 42.06291988460882 , 0.0 , 340.0773036
141.54 , 41.77947431063101 , 0.0 , 340.0773036
141.53 , 41.47846658728411 , 0.0 , 340.0773036
141.57 , 43.24004266077765 , 0.0 , 340.0773036
141.39 , 37.73536981168319 , 0.0 , 340.0773036
141.38 , 37.45012950046661 , 0.0 , 340.0773036
141.38 , 37.45012950046661 , 0.0 , 340.0773036
141.3 , 34.995775162473464 , 0.0 , 340.0773036
141.18 , 31.64556023256 , 0.0 , 340.0773036
141.19 , 32.227813569517075 , 0.0 , 340.0773036
141.26 , 36.31712903987235 , 0.0 , 340.0773036
141.25 , 35.983099914219 , 0.0 , 340.0773036
141.16 , 33.03791447301344 , 0.0 , 340.0773036
141.11 , 31.49558916388539 , 0.0 , 340.0773036
141.1 , 31.182056498928628 , 0.0 , 340.0773036
141.08 , 30.52751204492661 , 0.0 , 340.0773036
140.86 , 24.448152740144096 , 0.0 , 340.0773036
140.92 , 28.622975960814056 , 0.0 , 340.0773036
140.95 , 30.685374405088993 , 0.0 , 340.0773036
141.2 , 44.95820631380657 , 0.0 , 340.0773036
141.05 , 39.67885745160668 , 0.0 , 340.0773036
140.84 , 33.7105645313473 , 0.0 , 340.0773036
140.84 , 33.7105645313473 , 0.0 , 340.0773036
140.85 , 34.25669022345007 , 0.0 , 340.0773036
140.96 , 40.10237335595846 , 0.0 , 340.0773036
141.08 , 45.76758211305319 , 0.0 , 340.0773036
140.96 , 41.536770270982025 , 0.0 , 340.0773036
141.03 , 44.74551211168949 , 0.0 , 340.0773036
140.78 , 36.946317109523754 , 0.0 , 340.0773036
140.86 , 40.5191455003636 , 0.0 , 340.0773036
140.83 , 39.6126787847921 , 0.0 , 340.0773036
140.84 , 40.09376953339919 , 0.0 , 340.0773036
140.76 , 37.51861825562638 , 0.0 , 340.0773036
140.74 , 36.880866496417156 , 0.0 , 340.0773036
140.72 , 36.217868223365215 , 0.0 , 340.0773036
140.59 , 32.16971837559686 , 0.0 , 340.0773036
140.56 , 31.30026889926584 , 0.0 , 340.0773036
140.14 , 22.2384656279942 , 0.0 , 340.0773036
140.39 , 34.41080998991142 , 0.0 , 340.0773036
140.38 , 34.18033152413435 , 0.0 , 340.0773036
140.34 , 33.22180666645531 , 0.0 , 340.0773036
140.42 , 37.02550843230833 , 0.0 , 340.0773036
140.16 , 30.871033508293927 , 0.0 , 340.0773036
140.29 , 36.55008381766955 , 0.0 , 340.0773036
140.44 , 42.42721617630494 , 0.0 , 340.0773036
140.31 , 39.051192413132206 , 0.0 , 340.0773036
140.47 , 44.86607782105977 , 0.0 , 340.0773036
140.46 , 44.579805854955616 , 0.0 , 340.0773036
140.61 , 49.75827291364034 , 0.0 , 340.0773036
140.49 , 46.05106041542765 , 0.0 , 340.0773036
140.67 , 51.84649525207799 , 0.0 , 340.0773036
140.47 , 45.94112762364177 , 0.0 , 340.0773036
140.49 , 46.596192688252586 , 0.0 , 340.0773036
140.46 , 45.70160109253779 , 0.0 , 340.0773036
140.6 , 50.47963956865368 , 0.0 , 340.0773036
140.45 , 45.826683482449084 , 0.0 , 340.0773036
140.42 , 44.934594422266514 , 0.0 , 340.0773036
140.62 , 51.686845795264844 , 0.0 , 340.0773036
140.46 , 46.74818514781481 , 0.0 , 340.0773036
140.4 , 45.01131709288154 , 0.0 , 340.0773036
140.5 , 48.44905034716575 , 0.0 , 340.0773036
140.33 , 43.47333609854582 , 0.0 , 340.0773036
140.32 , 43.19233204964585 , 0.0 , 340.0773036
140.33 , 43.58503899701404 , 0.0 , 340.0773036
140.35 , 44.41269885314919 , 0.0 , 340.0773036
140.31 , 43.05229277706986 , 0.0 , 340.0773036
140.3 , 42.70015264919048 , 0.0 , 340.0773036
140.33 , 44.17535349384868 , 0.0 , 340.0773036
140.32 , 43.77082801716588 , 0.0 , 340.0773036
140.49 , 51.84408996623171 , 0.0 , 340.0773036
140.33 , 45.257857027169926 , 0.0 , 340.0773036
140.11 , 38.09212707927288 , 0.0 , 340.0773036
139.99 , 34.850802773695435 , 0.0 , 340.0773036
139.88 , 32.15016355357962 , 0.0 , 340.0773036
138.91 , 18.520769585478465 , 0.0 , 340.0773036
138.77 , 17.37583660039962 , 0.0 , 340.0773036
138.35 , 14.48321317058426 , 0.0 , 340.0773036
138.37 , 15.20710062493146 , 0.0 , 340.0773036
138.29 , 14.67209721979 , 0.0 , 340.0773036
138.29 , 14.672097219789999 , 0.0 , 340.0773036
138.13 , 13.565133090428313 , 0.0 , 340.0773036
137.95 , 12.429034667089407 , 0.0 , 340.0773036
137.84 , 11.779753275988112 , 0.0 , 340.0773036
137.85 , 12.228643723884844 , 0.0 , 340.0773036
137.8 , 11.90253219790458 , 0.0 , 340.0773036
137.85 , 14.361988519715801 , 0.0 , 340.0773036
137.66 , 12.889414425238996 , 0.0 , 340.0773036
137.51 , 11.855893636247071 , 0.0 , 340.0773036
137.27 , 10.41669527743644 , 0.0 , 340.0773036
137.33 , 13.25181529396592 , 0.0 , 340.0773036
137.4 , 16.569247102430314 , 0.0 , 340.0773036
137.38 , 16.37654759710797 , 0.0 , 340.0773036
137.6 , 26.502333577256955 , 0.0 , 340.0773036
138.81 , 57.199441429210765 , 0.0 , 340.0773036
138.63 , 53.61220967465429 , 0.0 , 340.0773036
138.26 , 47.07659296621205 , 0.0 , 340.0773036
138.18 , 45.777186829500565 , 0.0 , 340.0773036
138.15 , 45.27253637763263 , 0.0 , 340.0773036
138.12 , 44.74136401555586 , 0.0 , 340.0773036
138.32 , 49.034460905557395 , 0.0 , 340.0773036
138.49 , 52.41833193048632 , 0.0 , 340.0773036
138.36 , 49.70077023253874 , 0.0 , 340.0773036
138.47 , 51.96982212152 , 0.0 , 340.0773036
138.4 , 50.41134157283099 , 0.0 , 340.0773036
138.21 , 46.348532719145986 , 0.0 , 340.0773036
138.23 , 46.834258426003885 , 0.0 , 340.0773036
138.11 , 44.24593357550829 , 0.0 , 340.0773036
137.95 , 40.99290935936881 , 0.0 , 340.0773036
137.94 , 40.791052484606624 , 0.0 , 340.0773036
137.71 , 36.35668574197314 , 0.0 , 340.0773036
137.94 , 43.02664492008103 , 0.0 , 340.0773036
137.86 , 41.40135163012456 , 0.0 , 340.0773036
137.68 , 37.9296653559774 , 0.0 , 340.0773036
137.86 , 43.070656020976315 , 0.0 , 340.0773036
137.97 , 46.01340699856136 , 0.0 , 340.0773036
137.97 , 46.01340699856136 , 0.0 , 340.0773036
138.17 , 51.31954608543117 , 0.0 , 340.0773036
138.26 , 53.53282514379708 , 0.0 , 340.0773036
138.09 , 49.00095750064185 , 0.0 , 340.0773036
138.27 , 53.490546239061985 , 0.0 , 340.0773036
138.18 , 51.0697248742337 , 0.0 , 340.0773036
138.09 , 48.69634758294619 , 0.0 , 340.0773036
138.01 , 46.62225242864827 , 0.0 , 340.0773036
138.03 , 47.22740575443564 , 0.0 , 340.0773036
138.19 , 51.92326250296375 , 0.0 , 340.0773036
138.17 , 51.308663579829094 , 0.0 , 340.0773036
138.31 , 55.297484239803616 , 0.0 , 340.0773036
138.3 , 54.95120481897834 , 0.0 , 340.0773036
138.4 , 57.79728040967023 , 0.0 , 340.0773036
138.67 , 64.34680978019406 , 0.0 , 340.0773036
138.56 , 60.244745742258765 , 0.0 , 340.0773036
138.73 , 64.05818108424796 , 0.0 , 340.0773036
138.82 , 65.92187999420268 , 0.0 , 340.0773036
138.88 , 67.14500414230704 , 0.0 , 340.0773036
138.66 , 58.810060753544136 , 0.0 , 340.0773036
138.61 , 57.07596056450994 , 0.0 , 340.0773036
138.81 , 61.913636180124065 , 0.0 , 340.0773036
138.89 , 63.67707984210721 , 0.0 , 340.0773036
138.78 , 59.59141130408129 , 0.0 , 340.0773036
138.82 , 60.581851377176996 , 0.0 , 340.0773036
138.73 , 57.18553668586968 , 0.0 , 340.0773036
138.73 , 57.18553668586968 , 0.0 , 340.0773036
138.64 , 53.694423471652506 , 0.0 , 340.0773036
138.83 , 59.3380892797392 , 0.0 , 340.0773036
138.81 , 58.529434056601126 , 0.0 , 340.0773036
138.62 , 51.367554437738406 , 0.0 , 340.0773036
138.84 , 57.80569292748912 , 0.0 , 340.0773036
138.71 , 53.31427881863814 , 0.0 , 340.0773036
138.89 , 58.161595943357455 , 0.0 , 340.0773036
138.75 , 53.508122024949536 , 0.0 , 340.0773036
138.76 , 53.79250919698304 , 0.0 , 340.0773036
138.83 , 55.8293156609915 , 0.0 , 340.0773036
138.9 , 57.83108700718251 , 0.0 , 340.0773036
138.97 , 59.79337455542928 , 0.0 , 340.0773036
138.91 , 57.33076330260298 , 0.0 , 340.0773036
138.83 , 54.12964729938603 , 0.0 , 340.0773036
138.74 , 50.69993051736732 , 0.0 , 340.0773036
138.61 , 46.15118687361058 , 0.0 , 340.0773036
138.52 , 43.257638513390134 , 0.0 , 340.0773036
138.6 , 46.470368909167746 , 0.0 , 340.0773036
138.79 , 53.241697777715615 , 0.0 , 340.0773036
138.93 , 57.507056757353915 , 0.0 , 340.0773036
139.07 , 61.308090308721006 , 0.0 , 340.0773036
139.0 , 58.49082761705166 , 0.0 , 340.0773036
138.85 , 52.88289624554754 , 0.0 , 340.0773036
138.99 , 57.02440237535724 , 0.0 , 340.0773036
139.04 , 58.42976642061723 , 0.0 , 340.0773036
139.07 , 59.28997586653778 , 0.0 , 340.0773036
138.99 , 55.96425435288236 , 0.0 , 340.0773036
139.02 , 56.93968799410749 , 0.0 , 340.0773036
138.99 , 55.61304599828247 , 0.0 , 340.0773036
138.96 , 54.25179731720283 , 0.0 , 340.0773036
139.12 , 59.89063948219534 , 0.0 , 340.0773036
138.91 , 51.00458248937183 , 0.0 , 340.0773036
138.82 , 47.73568570743819 , 0.0 , 340.0773036
138.83 , 48.13344613886812 , 0.0 , 340.0773036
138.89 , 50.5644818868526 , 0.0 , 340.0773036
138.73 , 44.56576052455244 , 0.0 , 340.0773036
138.77 , 46.281539638418145 , 0.0 , 340.0773036
138.66 , 42.395391837540835 , 0.0 , 340.0773036
138.63 , 41.37500963115578 , 0.0 , 340.0773036
138.74 , 46.46308652987742 , 0.0 , 340.0773036
138.89 , 52.515220894912304 , 0.0 , 340.0773036
138.93 , 54.00831762340344 , 0.0 , 340.0773036
139.02 , 57.264366179875914 , 0.0 , 340.0773036
138.9 , 51.980238927056654 , 0.0 , 340.0773036
138.85 , 49.913524419902075 , 0.0 , 340.0773036
138.68 , 43.57047478966853 , 0.0 , 340.0773036
138.95 , 53.645979443484556 , 0.0 , 340.0773036
138.91 , 52.16011276351966 , 0.0 , 340.0773036
138.57 , 41.610254088098955 , 0.0 , 340.0773036
138.4 , 37.52360486193717 , 0.0 , 340.0773036
138.41 , 37.90990519203134 , 0.0 , 340.0773036
138.3 , 35.32264724838588 , 0.0 , 340.0773036
138.32 , 36.17554339166507 , 0.0 , 340.0773036
138.28 , 35.17643989844409 , 0.0 , 340.0773036
138.28 , 35.17643989844409 , 0.0 , 340.0773036
138.17 , 32.328788008555456 , 0.0 , 340.0773036
138.1 , 30.629507535631294 , 0.0 , 340.0773036
138.23 , 37.228369566636324 , 0.0 , 340.0773036
138.08 , 33.29304644362567 , 0.0 , 340.0773036
138.01 , 31.61357928944272 , 0.0 , 340.0773036
138.03 , 32.6588176837812 , 0.0 , 340.0773036
138.17 , 39.616239860247866 , 0.0 , 340.0773036
138.29 , 44.8735714624813 , 0.0 , 340.0773036
138.05 , 37.787465256234576 , 0.0 , 340.0773036
138.03 , 37.25943749960757 , 0.0 , 340.0773036
138.01 , 36.707050856643484 , 0.0 , 340.0773036
138.17 , 43.87562911409165 , 0.0 , 340.0773036
138.11 , 41.95654771577616 , 0.0 , 340.0773036
138.05 , 40.06914407690132 , 0.0 , 340.0773036
138.1 , 42.39472127938574 , 0.0 , 340.0773036
138.23 , 48.040258725838285 , 0.0 , 340.0773036
138.12 , 44.10174136356553 , 0.0 , 340.0773036
138.06 , 42.075460899795644 , 0.0 , 340.0773036
138.04 , 41.39275820911594 , 0.0 , 340.0773036
138.17 , 47.370411808081045 , 0.0 , 340.0773036
138.3 , 52.57916026873469 , 0.0 , 340.0773036
138.18 , 47.869546390799265 , 0.0 , 340.0773036
137.93 , 39.85931696659292 , 0.0 , 340.0773036
137.86 , 37.94471016453937 , 0.0 , 340.0773036
137.9 , 39.72636576832454 , 0.0 , 340.0773036
138.01 , 44.44970057690807 , 0.0 , 340.0773036
138.01 , 44.44970057690807 , 0.0 , 340.0773036
138.03 , 45.352718954399215 , 0.0 , 340.0773036
138.11 , 48.928981376801204 , 0.0 , 340.0773036
138.19 , 52.291330525987235 , 0.0 , 340.0773036
138.1 , 48.42849293550477 , 0.0 , 340.0773036
138.23 , 53.74384255204493 , 0.0 , 340.0773036
138.32 , 57.04467064139822 , 0.0 , 340.0773036
138.46 , 61.63136604939168 , 0.0 , 340.0773036
138.64 , 66.57338492994526 , 0.0 , 340.0773036
138.66 , 67.08074954504252 , 0.0 , 340.0773036
138.51 , 59.75506152166663 , 0.0 , 340.0773036
138.48 , 58.38183268122768 , 0.0 , 340.0773036
138.52 , 59.71129178031116 , 0.0 , 340.0773036
138.68 , 64.58464907353854 , 0.0 , 340.0773036
138.54 , 57.9763660207147 , 0.0 , 340.0773036
138.49 , 55.781168554394036 , 0.0 , 340.0773036
138.45 , 54.01901427848416 , 0.0 , 340.0773036
138.44 , 53.56345011335192 , 0.0 , 340.0773036
138.52 , 56.70885557831333 , 0.0 , 340.0773036
138.48 , 54.713297954824604 , 0.0 , 340.0773036
138.51 , 55.96487774866028 , 0.0 , 340.0773036
138.44 , 52.33070237825616 , 0.0 , 340.0773036
138.5 , 55.02648604153727 , 0.0 , 340.0773036
138.41 , 50.420434333356404 , 0.0 , 340.0773036
138.11 , 38.77053336757702 , 0.0 , 340.0773036
138.13 , 39.76966872304191 , 0.0 , 340.0773036
138.11 , 39.08286144722842 , 0.0 , 340.0773036
138.21 , 44.26561780472822 , 0.0 , 340.0773036
138.03 , 37.99878390190546 , 0.0 , 340.0773036
138.13 , 42.84032459501741 , 0.0 , 340.0773036
138.08 , 41.11168925153735 , 0.0 , 340.0773036
138.01 , 38.75403415406022 , 0.0 , 340.0773036
137.92 , 35.90316771847524 , 0.0 , 340.0773036
138.05 , 42.48472519901666 , 0.0 , 340.0773036
137.94 , 38.84965123264455 , 0.0 , 340.0773036
137.9 , 37.590127859175155 , 0.0 , 340.0773036
138.15 , 48.76939411429886 , 0.0 , 340.0773036
138.08 , 46.27017756606603 , 0.0 , 340.0773036
137.99 , 43.204577854631765 , 0.0 , 340.0773036
138.04 , 45.3700723494555 , 0.0 , 340.0773036
138.21 , 52.0624871395472 , 0.0 , 340.0773036
138.04 , 45.994522727878916 , 0.0 , 340.0773036
138.24 , 52.94325744081648 , 0.0 , 340.0773036
138.28 , 54.21217275197204 , 0.0 , 340.0773036
138.28 , 54.21217275197204 , 0.0 , 340.0773036
138.16 , 49.56218466442185 , 0.0 , 340.0773036
137.89 , 41.033845766571325 , 0.0 , 340.0773036
138.05 , 46.86840149705668 , 0.0 , 340.0773036
137.98 , 44.78074498967797 , 0.0 , 340.0773036
138.05 , 47.30832876366502 , 0.0 , 340.0773036
137.97 , 44.78527287534381 , 0.0 , 340.0773036
137.92 , 43.23334061946561 , 0.0 , 340.0773036
137.59 , 34.68932548048046 , 0.0 , 340.0773036
137.63 , 36.33179218560396 , 0.0 , 340.0773036
137.52 , 33.81342557187914 , 0.0 , 340.0773036
137.57 , 35.985489306728915 , 0.0 , 340.0773036
137.36 , 31.334368865336344 , 0.0 , 340.0773036
137.35 , 31.128045971123047 , 0.0 , 340.0773036
137.14 , 27.093492793511725 , 0.0 , 340.0773036
137.08 , 26.054429985394368 , 0.0 , 340.0773036
136.71 , 20.765630684826906 , 0.0 , 340.0773036
136.53 , 18.769521985900624 , 0.0 , 340.0773036
136.31 , 16.66144449452033 , 0.0 , 340.0773036
136.33 , 17.567848863738718 , 0.0 , 340.0773036
136.25 , 16.781610323002567 , 0.0 , 340.0773036
135.94 , 14.140651901532863 , 0.0 , 340.0773036
135.9 , 13.83804034813262 , 0.0 , 340.0773036
135.96 , 16.717082007485338 , 0.0 , 340.0773036
135.97 , 17.213588432001618 , 0.0 , 340.0773036
135.51 , 13.288932773178505 , 0.0 , 340.0773036
135.65 , 19.318149321947864 , 0.0 , 340.0773036
135.44 , 17.367417623618124 , 0.0 , 340.0773036
135.37 , 16.759889209818528 , 0.0 , 340.0773036
135.53 , 23.359191893836005 , 0.0 , 340.0773036
135.36 , 21.41640324965944 , 0.0 , 340.0773036
135.5 , 26.814684285404944 , 0.0 , 340.0773036
135.38 , 25.215740456407005 , 0.0 , 340.0773036
135.48 , 29.0144319032693 , 0.0 , 340.0773036
135.3 , 26.4136200499423 , 0.0 , 340.0773036
135.25 , 25.72383657061466 , 0.0 , 340.0773036
135.22 , 25.29697274836358 , 0.0 , 340.0773036
135.23 , 25.73933278230429 , 0.0 , 340.0773036
135.4 , 33.002557946886775 , 0.0 , 340.0773036
135.29 , 30.896781110763605 , 0.0 , 340.0773036
135.15 , 28.412008182449043 , 0.0 , 340.0773036
135.05 , 26.756758126938852 , 0.0 , 340.0773036
134.91 , 24.596307649881094 , 0.0 , 340.0773036
134.96 , 26.867469456100878 , 0.0 , 340.0773036
135.12 , 33.74465934876911 , 0.0 , 340.0773036
134.92 , 29.952952529693704 , 0.0 , 340.0773036
134.8 , 27.925430803196537 , 0.0 , 340.0773036
135.06 , 37.75642016625938 , 0.0 , 340.0773036
134.76 , 32.28447766283793 , 0.0 , 340.0773036
134.93 , 37.78679507203576 , 0.0 , 340.0773036
134.87 , 36.65472228051057 , 0.0 , 340.0773036
134.59 , 31.858002956467672 , 0.0 , 340.0773036
134.59 , 31.858002956467672 , 0.0 , 340.0773036
134.32 , 27.790843483897437 , 0.0 , 340.0773036
134.33 , 28.156674060720484 , 0.0 , 340.0773036
134.22 , 26.562505861095843 , 0.0 , 340.0773036
134.15 , 25.57035088716331 , 0.0 , 340.0773036
134.11 , 24.99580562950524 , 0.0 , 340.0773036
134.35 , 34.50476888879134 , 0.0 , 340.0773036
134.4 , 36.316192748924564 , 0.0 , 340.0773036
134.78 , 48.07106903491975 , 0.0 , 340.0773036
134.63 , 44.57356100070912 , 0.0 , 340.0773036
134.32 , 38.36162399662461 , 0.0 , 340.0773036
134.48 , 42.793030829639775 , 0.0 , 340.0773036
134.4 , 41.198169092962 , 0.0 , 340.0773036
134.18 , 37.10296130249884 , 0.0 , 340.0773036
134.22 , 38.303783080552606 , 0.0 , 340.0773036
134.2 , 38.40895471389599 , 0.0 , 340.0773036
134.22 , 39.07370809151287 , 0.0 , 340.0773036
134.39 , 44.551854241486204 , 0.0 , 340.0773036
134.42 , 45.483422047352825 , 0.0 , 340.0773036
134.53 , 48.875110405958715 , 0.0 , 340.0773036
134.25 , 41.75417158075938 , 0.0 , 340.0773036
134.04 , 37.3579598466073 , 0.0 , 340.0773036
134.37 , 46.8315030731978 , 0.0 , 340.0773036
134.14 , 42.05744188949501 , 0.0 , 340.0773036
134.13 , 41.85764829716927 , 0.0 , 340.0773036
134.23 , 44.687394599504096 , 0.0 , 340.0773036
134.18 , 43.54619961573273 , 0.0 , 340.0773036
134.2 , 44.160472337534685 , 0.0 , 340.0773036
134.34 , 48.39353665607714 , 0.0 , 340.0773036
134.62 , 55.63703513955275 , 0.0 , 340.0773036
134.54 , 53.3336720594077 , 0.0 , 340.0773036
134.76 , 58.43040202368547 , 0.0 , 340.0773036
134.75 , 58.11967916311512 , 0.0 , 340.0773036
134.48 , 50.336363926927454 , 0.0 , 340.0773036
134.6 , 53.32794321411613 , 0.0 , 340.0773036
134.57 , 52.47689372235755 , 0.0 , 340.0773036
134.6 , 53.27984454132885 , 0.0 , 340.0773036
134.57 , 52.327705225411734 , 0.0 , 340.0773036
134.33 , 45.346143557849835 , 0.0 , 340.0773036
134.27 , 43.7737567164548 , 0.0 , 340.0773036
134.22 , 42.45268131803886 , 0.0 , 340.0773036
134.22 , 42.45268131803888 , 0.0 , 340.0773036
134.2 , 41.86652951507409 , 0.0 , 340.0773036
134.05 , 37.66603143177373 , 0.0 , 340.0773036
133.93 , 34.66926348508573 , 0.0 , 340.0773036
133.85 , 32.79592375920356 , 0.0 , 340.0773036
133.77 , 30.992439435028494 , 0.0 , 340.0773036
133.78 , 31.49952446133126 , 0.0 , 340.0773036
133.48 , 25.456113274758422 , 0.0 , 340.0773036
133.15 , 20.74194577178659 , 0.0 , 340.0773036
132.86 , 17.64882151171238 , 0.0 , 340.0773036
133.34 , 34.94205284149904 , 0.11 , 325.4099036
133.06 , 30.869742918496044 , 0.11 , 325.4099036
133.36 , 39.064077679767166 , 0.11 , 325.4099036
133.37 , 39.322267018543236 , 0.11 , 325.4099036
133.1 , 35.00911737930128 , 0.11 , 325.4099036
133.42 , 42.99043513502229 , 0.11 , 325.4099036
133.38 , 42.29128927884233 , 0.11 , 325.4099036
133.22 , 39.5225290437671 , 0.11 , 325.4099036
133.54 , 46.99653386882574 , 0.11 , 325.4099036
133.49 , 46.03913779226847 , 0.11 , 325.4099036
133.51 , 46.5085505144501 , 0.11 , 325.4099036
133.68 , 50.45393012063395 , 0.11 , 325.4099036
133.71 , 51.13882722874974 , 0.11 , 325.4099036
133.66 , 49.90072526512792 , 0.11 , 325.4099036
133.48 , 45.618821574616604 , 0.11 , 325.4099036
133.49 , 45.896579804371804 , 0.11 , 325.4099036
133.62 , 49.507153480566885 , 0.11 , 325.4099036
133.22 , 40.54199570676432 , 0.11 , 325.4099036
133.11 , 38.47840114051725 , 0.11 , 325.4099036
133.41 , 46.47954857593541 , 0.11 , 325.4099036
133.53 , 49.318876588679764 , 0.11 , 325.4099036
133.47 , 47.94915762410298 , 0.11 , 325.4099036
133.37 , 45.67245612418429 , 0.11 , 325.4099036
133.48 , 48.56551250331883 , 0.11 , 325.4099036
133.36 , 45.70605399889021 , 0.11 , 325.4099036
133.34 , 45.228087476519015 , 0.11 , 325.4099036
133.29 , 43.98958103900629 , 0.11 , 325.4099036
133.4 , 47.402031679235684 , 0.11 , 325.4099036
133.5 , 50.362751137604334 , 0.11 , 325.4099036
133.73 , 56.43658275498101 , 0.11 , 325.4099036
133.98 , 61.894638723358995 , 0.11 , 325.4099036
133.81 , 56.69301212521661 , 0.11 , 325.4099036
133.69 , 53.28863440526492 , 0.11 , 325.4099036
134.21 , 63.51330848785373 , 0.11 , 325.4099036
134.21 , 63.51330848785373 , 0.11 , 325.4099036
134.2 , 63.204746356654304 , 0.11 , 325.4099036
134.3 , 65.03413848390778 , 0.11 , 325.4099036
134.18 , 61.10788625681776 , 0.11 , 325.4099036
134.05 , 57.087008417056374 , 0.11 , 325.4099036
134.08 , 57.77745582218944 , 0.11 , 325.4099036
134.1 , 58.259616368937216 , 0.11 , 325.4099036
133.99 , 54.56866777797642 , 0.11 , 325.4099036
134.07 , 56.71637928321452 , 0.11 , 325.4099036
134.1 , 57.527241182045906 , 0.11 , 325.4099036
134.52 , 66.88145476844343 , 0.11 , 325.4099036
134.57 , 67.79090865013451 , 0.11 , 325.4099036
134.63 , 68.89475588169495 , 0.11 , 325.4099036
134.34 , 58.46533134878234 , 0.11 , 325.4099036
134.38 , 59.37875877348516 , 0.11 , 325.4099036
134.43 , 60.54675312619542 , 0.11 , 325.4099036
134.7 , 66.19871481950406 , 0.11 , 325.4099036
134.56 , 61.29536320320943 , 0.11 , 325.4099036
134.46 , 57.99119473005992 , 0.11 , 325.4099036
134.33 , 53.92182475365443 , 0.11 , 325.4099036
134.38 , 55.22327852849741 , 0.11 , 325.4099036
134.16 , 48.70484818357729 , 0.11 , 325.4099036
134.12 , 47.60459728484351 , 0.11 , 325.4099036
133.93 , 42.673372521183026 , 0.11 , 325.4099036
134.2 , 50.51762065990445 , 0.11 , 325.4099036
134.18 , 49.97214691298548 , 0.11 , 325.4099036
134.0 , 45.23780437333746 , 0.11 , 325.4099036
134.22 , 51.3095095697933 , 0.11 , 325.4099036
134.11 , 48.41883722314239 , 0.11 , 325.4099036
134.17 , 50.071163091658164 , 0.11 , 325.4099036
134.1 , 48.13390645791296 , 0.11 , 325.4099036
134.12 , 48.744089409712544 , 0.11 , 325.4099036
134.34 , 55.01361899592292 , 0.11 , 325.4099036
134.63 , 61.66936861866744 , 0.11 , 325.4099036
134.56 , 59.3854496383982 , 0.11 , 325.4099036
134.58 , 59.84305228312533 , 0.11 , 325.4099036
134.43 , 54.851439876393684 , 0.11 , 325.4099036
134.53 , 57.40241110930945 , 0.11 , 325.4099036
134.51 , 56.71224571290951 , 0.11 , 325.4099036
134.39 , 52.623948935643114 , 0.11 , 325.4099036
134.45 , 54.3942214692271 , 0.11 , 325.4099036
134.62 , 59.06180711212029 , 0.11 , 325.4099036
134.43 , 52.584167434475006 , 0.11 , 325.4099036
134.45 , 53.16644261779951 , 0.11 , 325.4099036
134.41 , 51.796445858793824 , 0.11 , 325.4099036
134.53 , 55.50101717030537 , 0.11 , 325.4099036
134.71 , 60.41532064624688 , 0.11 , 325.4099036
134.56 , 54.96751701082461 , 0.11 , 325.4099036
134.61 , 56.37949673673679 , 0.11 , 325.4099036
134.53 , 53.48963624427472 , 0.11 , 325.4099036
134.6 , 55.63258857413278 , 0.11 , 325.4099036
134.56 , 54.098691669715414 , 0.11 , 325.4099036
134.48 , 51.06609778753632 , 0.11 , 325.4099036
134.42 , 48.85414985746884 , 0.11 , 325.4099036
134.46 , 50.39672387561072 , 0.11 , 325.4099036
134.61 , 55.782471802085 , 0.11 , 325.4099036
134.52 , 52.12549828609715 , 0.11 , 325.4099036
134.55 , 53.22625076510709 , 0.11 , 325.4099036
134.54 , 52.79053338451192 , 0.11 , 325.4099036
134.33 , 44.54398752493264 , 0.11 , 325.4099036
134.24 , 41.548424337113325 , 0.11 , 325.4099036
134.16 , 39.03548973602872 , 0.11 , 325.4099036
134.22 , 41.87495073934254 , 0.11 , 325.4099036
134.37 , 48.35146754937245 , 0.11 , 325.4099036
134.37 , 48.35146754937246 , 0.11 , 325.4099036
134.03 , 37.39737692747141 , 0.11 , 325.4099036
133.95 , 35.36707084823112 , 0.11 , 325.4099036
133.99 , 37.20282766529143 , 0.11 , 325.4099036
134.1 , 42.07522858973329 , 0.11 , 325.4099036
133.9 , 36.52606187350164 , 0.11 , 325.4099036
133.84 , 35.03330744892454 , 0.11 , 325.4099036
134.02 , 42.61074000459013 , 0.11 , 325.4099036
134.03 , 43.00843859885821 , 0.11 , 325.4099036
134.04 , 43.4306107721992 , 0.11 , 325.4099036
134.09 , 45.60045714537203 , 0.11 , 325.4099036
134.02 , 43.10750955159763 , 0.11 , 325.4099036
134.05 , 44.50769202906834 , 0.11 , 325.4099036
134.0 , 42.62479973661625 , 0.11 , 325.4099036
133.94 , 40.415260513802274 , 0.11 , 325.4099036
133.94 , 40.415260513802274 , 0.11 , 325.4099036
134.07 , 47.282128519243635 , 0.11 , 325.4099036
134.04 , 45.965632704357006 , 0.11 , 325.4099036
134.25 , 55.33967781048479 , 0.11 , 325.4099036
134.21 , 53.438018583440474 , 0.11 , 325.4099036
134.37 , 59.441734296140915 , 0.11 , 325.4099036
134.49 , 63.267234578582176 , 0.11 , 325.4099036
134.41 , 59.254645464282675 , 0.11 , 325.4099036
134.47 , 61.24016300253714 , 0.11 , 325.4099036
134.46 , 60.709176597299134 , 0.11 , 325.4099036
134.29 , 52.39250037905413 , 0.11 , 325.4099036
134.73 , 65.54780231831464 , 0.11 , 325.4099036
134.93 , 69.65274305977252 , 0.11 , 325.4099036
134.51 , 54.86801908752996 , 0.11 , 325.4099036
134.53 , 55.35400412648222 , 0.11 , 325.4099036
134.53 , 55.3540041264822 , 0.11 , 325.4099036
134.21 , 46.135453461015075 , 0.11 , 325.4099036
134.16 , 44.87783131525474 , 0.11 , 325.4099036
134.07 , 42.625451812011114 , 0.11 , 325.4099036
134.05 , 42.11955073437016 , 0.11 , 325.4099036
134.17 , 46.242179204760184 , 0.11 , 325.4099036
134.24 , 48.544549466756806 , 0.11 , 325.4099036
134.34 , 51.72536960761691 , 0.11 , 325.4099036
134.2 , 47.3155173501255 , 0.11 , 325.4099036
134.34 , 51.74588227186045 , 0.11 , 325.4099036
134.2 , 47.44886325385322 , 0.11 , 325.4099036
134.18 , 46.850326607535955 , 0.11 , 325.4099036
134.17 , 46.534250011167856 , 0.11 , 325.4099036
134.09 , 43.97807489852114 , 0.11 , 325.4099036
134.17 , 47.107038089367805 , 0.11 , 325.4099036
134.31 , 52.1443451077718 , 0.11 , 325.4099036
134.22 , 48.918992535370556 , 0.11 , 325.4099036
134.47 , 56.89491101795191 , 0.11 , 325.4099036
134.97 , 67.74312461904117 , 0.11 , 325.4099036
134.96 , 67.37789850514787 , 0.11 , 325.4099036
134.9 , 65.1097143025505 , 0.11 , 325.4099036
135.05 , 68.00913683871275 , 0.11 , 325.4099036
135.0 , 66.03911228136677 , 0.11 , 325.4099036
135.67 , 76.05043544158725 , 0.11 , 325.4099036
135.77 , 77.13389932367309 , 0.11 , 325.4099036
135.54 , 69.36161736078364 , 0.11 , 325.4099036
135.41 , 65.35322275248421 , 0.0 , 325.4099036
135.29 , 61.8027851686862 , 0.0 , 325.4099036
135.67 , 67.77336915372199 , 0.0 , 340.3182036
135.79 , 69.39999953776942 , 0.0 , 340.3182036
135.89 , 70.72604616989777 , 0.0 , 340.3182036
136.07 , 72.99458109923266 , 0.0 , 340.3182036
136.12 , 73.60643030637856 , 0.0 , 340.3182036
136.24 , 75.06649704012727 , 0.0 , 340.3182036
135.97 , 66.1937380924196 , 0.0 , 340.3182036
135.77 , 60.490150534250255 , 0.0 , 340.3182036
135.66 , 57.5528691186491 , 0.0 , 340.3182036
135.88 , 61.57192630838566 , 0.0 , 340.3182036
135.74 , 57.82008379167872 , 0.0 , 340.3182036
135.59 , 54.021870216444704 , 0.0 , 340.3182036
135.5 , 51.82222492355487 , 0.0 , 340.3182036
135.41 , 49.64528842902673 , 0.0 , 340.3182036
135.63 , 54.65927347809595 , 0.0 , 340.3182036
135.37 , 48.51143568844932 , 0.0 , 340.3182036
135.34 , 47.84277240929533 , 0.0 , 340.3182036
135.3 , 46.91425177306838 , 0.0 , 340.3182036
135.48 , 51.477898527554444 , 0.0 , 340.3182036
135.39 , 49.20040353712359 , 0.0 , 340.3182036
135.67 , 55.75835361602195 , 0.0 , 340.3182036
135.7 , 56.40768395378336 , 0.0 , 340.3182036
135.65 , 54.95986744726593 , 0.0 , 340.3182036
135.57 , 52.63214604444999 , 0.0 , 340.3182036
135.34 , 46.5305178329503 , 0.0 , 340.3182036
135.4 , 48.217030893735725 , 0.0 , 340.3182036
135.59 , 53.2461105052728 , 0.0 , 340.3182036
135.61 , 53.755236420824325 , 0.0 , 340.3182036
135.71 , 56.31664094368873 , 0.0 , 340.3182036
135.78 , 58.06749187582966 , 0.0 , 340.3182036
136.09 , 64.79671169055811 , 0.0 , 340.3182036
135.85 , 57.15016111138538 , 0.0 , 340.3182036
136.02 , 60.688912255523796 , 0.0 , 340.3182036
135.86 , 56.001270102420364 , 0.0 , 340.3182036
135.73 , 52.45600770146579 , 0.0 , 340.3182036
135.73 , 52.45600770146578 , 0.0 , 340.3182036
135.7 , 51.58203820329348 , 0.0 , 340.3182036
135.67 , 50.67283506134178 , 0.0 , 340.3182036
135.47 , 44.9806201089026 , 0.0 , 340.3182036
135.75 , 52.94927670939301 , 0.0 , 340.3182036
135.7 , 51.51446384760423 , 0.0 , 340.3182036
135.62 , 49.21646244408825 , 0.0 , 340.3182036
135.63 , 49.51959919838475 , 0.0 , 340.3182036
135.7 , 51.69332861392433 , 0.0 , 340.3182036
135.69 , 51.353127112377614 , 0.0 , 340.3182036
135.8 , 54.87141079149457 , 0.0 , 340.3182036
135.93 , 58.675244868825715 , 0.0 , 340.3182036
136.05 , 61.870146707181895 , 0.0 , 340.3182036
136.05 , 61.8701467071819 , 0.0 , 340.3182036
136.22 , 66.16765192573372 , 0.0 , 340.3182036
136.32 , 68.42224559465181 , 0.0 , 340.3182036
136.38 , 69.72584486492227 , 0.0 , 340.3182036
136.36 , 68.70764887519977 , 0.0 , 340.3182036
136.51 , 72.00906963238126 , 0.0 , 340.3182036
136.81 , 77.19189489969774 , 0.0 , 340.3182036
136.76 , 74.70901519725724 , 0.0 , 340.3182036
136.65 , 69.4188554214205 , 0.0 , 340.3182036
136.52 , 63.67989212893583 , 0.0 , 340.3182036
136.41 , 59.21871952157719 , 0.0 , 340.3182036
136.52 , 62.079628095164075 , 0.0 , 340.3182036
136.36 , 55.93317496462633 , 0.0 , 340.3182036
136.34 , 55.19749398986168 , 0.0 , 340.3182036
136.28 , 52.947549238533995 , 0.0 , 340.3182036
136.11 , 47.09062865042883 , 0.0 , 340.3182036
136.24 , 51.508081788181535 , 0.0 , 340.3182036
136.04 , 45.24888560254334 , 0.0 , 340.3182036
136.28 , 52.679998607017865 , 0.0 , 340.3182036
136.25 , 51.73476729707125 , 0.0 , 340.3182036
136.12 , 47.73753731876022 , 0.0 , 340.3182036
135.99 , 44.07054702453797 , 0.0 , 340.3182036
136.02 , 45.11825499302389 , 0.0 , 340.3182036
136.04 , 45.84656968617547 , 0.0 , 340.3182036
135.97 , 43.6625670740423 , 0.0 , 340.3182036
136.01 , 45.26707404095035 , 0.0 , 340.3182036
136.07 , 47.67439901180921 , 0.0 , 340.3182036
136.23 , 53.5424727319382 , 0.0 , 340.3182036
136.26 , 54.57119607375995 , 0.0 , 340.3182036
136.47 , 61.069694765856106 , 0.0 , 340.3182036
136.6 , 64.45906722278984 , 0.0 , 340.3182036
136.32 , 53.6290125294786 , 0.0 , 340.3182036
136.33 , 53.926742261578596 , 0.0 , 340.3182036
136.27 , 51.778604461878345 , 0.0 , 340.3182036
136.53 , 59.337506836051155 , 0.0 , 340.3182036
136.57 , 60.36682388304848 , 0.0 , 340.3182036
136.3 , 50.98502251625392 , 0.0 , 340.3182036
136.16 , 46.913691018189624 , 0.0 , 340.3182036
136.2 , 48.18675800466142 , 0.0 , 340.3182036
136.29 , 51.032180079210185 , 0.0 , 340.3182036
136.03 , 43.585488471984355 , 0.0 , 340.3182036
135.86 , 39.5243801679753 , 0.0 , 340.3182036
135.62 , 34.620073258526936 , 0.0 , 340.3182036
135.7 , 37.40808279742705 , 0.0 , 340.3182036
135.76 , 39.49213040054575 , 0.0 , 340.3182036
135.73 , 38.79656598685651 , 0.0 , 340.3182036
135.65 , 36.92870608534732 , 0.0 , 340.3182036
135.88 , 45.11073418544302 , 0.0 , 340.3182036
135.83 , 43.781068579812896 , 0.0 , 340.3182036
135.93 , 47.13711587593307 , 0.0 , 340.3182036
136.08 , 51.78644785963409 , 0.0 , 340.3182036
135.97 , 48.42305209531986 , 0.0 , 340.3182036
136.11 , 52.63906696158644 , 0.0 , 340.3182036
136.14 , 53.51592361810636 , 0.0 , 340.3182036
136.1 , 52.13006154004187 , 0.0 , 340.3182036
136.19 , 54.95648029600593 , 0.0 , 340.3182036
136.35 , 59.53112079543222 , 0.0 , 340.3182036
136.14 , 52.058088421276736 , 0.0 , 340.3182036
136.04 , 48.90953049965622 , 0.0 , 340.3182036
136.25 , 55.05691438746808 , 0.0 , 340.3182036
136.06 , 49.279473750495775 , 0.0 , 340.3182036
136.12 , 51.027151363505695 , 0.0 , 340.3182036
136.49 , 60.14676277963481 , 0.0 , 340.3182036
136.48 , 59.82252125051766 , 0.0 , 340.3182036
136.46 , 59.1358921379205 , 0.0 , 340.3182036
136.66 , 63.63130792881032 , 0.0 , 340.3182036
136.53 , 59.08165237861963 , 0.0 , 340.3182036
136.51 , 58.38995341773779 , 0.0 , 340.3182036
136.61 , 60.857512710807406 , 0.0 , 340.3182036
136.41 , 53.9647371104784 , 0.0 , 340.3182036
136.82 , 63.17312073556383 , 0.0 , 340.3182036
136.64 , 57.714866005820554 , 0.0 , 340.3182036
136.82 , 61.31446983168913 , 0.0 , 340.3182036
136.98 , 64.22938277416557 , 0.0 , 340.3182036
136.74 , 57.25985687841789 , 0.0 , 340.3182036
136.86 , 59.619241002998926 , 0.0 , 340.3182036
137.09 , 63.7497618478133 , 0.0 , 340.3182036
137.14 , 64.59755603823804 , 0.0 , 340.3182036
137.2 , 65.63615353497816 , 0.0 , 340.3182036
137.05 , 60.83144699987959 , 0.0 , 340.3182036
137.0 , 59.27386674674931 , 0.0 , 340.3182036
137.24 , 64.03420555588244 , 0.0 , 340.3182036
137.18 , 62.08056335723266 , 0.0 , 340.3182036
137.25 , 63.4804407566249 , 0.0 , 340.3182036
137.32 , 64.87683006152697 , 0.0 , 340.3182036
137.19 , 60.26793033278472 , 0.0 , 340.3182036
137.2 , 60.500386895039206 , 0.0 , 340.3182036
137.19 , 60.121581893171175 , 0.0 , 340.3182036
137.3 , 62.87517246703456 , 0.0 , 340.3182036
137.33 , 63.61311005777785 , 0.0 , 340.3182036
137.3 , 62.27993246545992 , 0.0 , 340.3182036
137.29 , 61.81488437378941 , 0.0 , 340.3182036
137.1 , 53.62209490438359 , 0.0 , 340.3182036
136.98 , 49.18795090246749 , 0.0 , 340.3182036
136.82 , 43.96735824642662 , 0.0 , 340.3182036
136.8 , 43.34802402314551 , 0.0 , 340.3182036
136.68 , 39.731696551026076 , 0.0 , 340.3182036
136.82 , 45.44949322576093 , 0.0 , 340.3182036
136.98 , 51.153144719741995 , 0.0 , 340.3182036
136.88 , 47.78992499543522 , 0.0 , 340.3182036
136.67 , 41.60378523618669 , 0.0 , 340.3182036
136.72 , 43.47974234466636 , 0.0 , 340.3182036
136.8 , 46.44422673385552 , 0.0 , 340.3182036
136.89 , 49.6440987872901 , 0.0 , 340.3182036
136.88 , 49.2916936476381 , 0.0 , 340.3182036
136.88 , 49.2916936476381 , 0.0 , 340.3182036
136.9 , 50.113104512871175 , 0.0 , 340.3182036
137.02 , 54.83995275333034 , 0.0 , 340.3182036
136.95 , 51.75908371475971 , 0.0 , 340.3182036
136.81 , 46.17217956238563 , 0.0 , 340.3182036
136.92 , 50.677056776879446 , 0.0 , 340.3182036
136.95 , 51.86034991325074 , 0.0 , 340.3182036
136.96 , 52.271391311807605 , 0.0 , 340.3182036
137.06 , 56.29061362159305 , 0.0 , 340.3182036
136.8 , 45.55038878061803 , 0.0 , 340.3182036
136.63 , 40.15549792852625 , 0.0 , 340.3182036
136.73 , 44.332172241031934 , 0.0 , 340.3182036
136.91 , 50.96595524137758 , 0.0 , 340.3182036
136.99 , 53.611813333937896 , 0.0 , 340.3182036
137.03 , 54.92157492539821 , 0.0 , 340.3182036
136.88 , 49.30011942660622 , 0.0 , 340.3182036
136.85 , 48.23671563806474 , 0.0 , 340.3182036
136.76 , 45.09420399706074 , 0.0 , 340.3182036
136.81 , 47.153996590342985 , 0.0 , 340.3182036
136.6 , 40.313471074578246 , 0.0 , 340.3182036
136.37 , 34.42342997001511 , 0.0 , 340.3182036
136.44 , 37.42022484915925 , 0.0 , 340.3182036
136.59 , 43.39026615693778 , 0.0 , 340.3182036
136.68 , 46.677208945133096 , 0.0 , 340.3182036
136.8 , 50.7807557629437 , 0.0 , 340.3182036
136.75 , 49.085734106178926 , 0.0 , 340.3182036
136.91 , 54.33820585085266 , 0.0 , 340.3182036
136.79 , 50.15877533270257 , 0.0 , 340.3182036
136.7 , 47.22498171087812 , 0.0 , 340.3182036
136.76 , 49.35184553831976 , 0.0 , 340.3182036
136.71 , 47.62923026750697 , 0.0 , 340.3182036
136.78 , 50.24748933024167 , 0.0 , 340.3182036
137.03 , 58.2713696226971 , 0.0 , 340.3182036
136.96 , 55.56900008811287 , 0.0 , 340.3182036
136.97 , 55.883756566837825 , 0.0 , 340.3182036
136.84 , 50.841393931977976 , 0.0 , 340.3182036
136.94 , 54.26027039005973 , 0.0 , 340.3182036
136.82 , 49.78567115812394 , 0.0 , 340.3182036
136.88 , 51.92061182734828 , 0.0 , 340.3182036
136.84 , 50.38269459489379 , 0.0 , 340.3182036
136.75 , 47.00874188320928 , 0.0 , 340.3182036
136.74 , 46.635051232436275 , 0.0 , 340.3182036
136.75 , 47.0880241810591 , 0.0 , 340.3182036
136.98 , 56.27999946711599 , 0.0 , 340.3182036
136.98 , 56.27999946711599 , 0.0 , 340.3182036
136.84 , 50.131928815183024 , 0.0 , 340.3182036
137.14 , 60.17226539722319 , 0.0 , 340.3182036
137.42 , 66.87565498732285 , 0.0 , 340.3182036
137.46 , 67.71172067663464 , 0.0 , 340.3182036
137.29 , 60.69955422390526 , 0.0 , 340.3182036
137.19 , 56.962631051138956 , 0.0 , 340.3182036
137.37 , 61.55111867452814 , 0.0 , 340.3182036
137.62 , 66.83923058113376 , 0.0 , 340.3182036
137.64 , 67.22756007346938 , 0.0 , 340.3182036
137.69 , 68.22923799089953 , 0.0 , 340.3182036
137.6 , 64.412878979984 , 0.0 , 340.3182036
137.84 , 69.33815331215565 , 0.0 , 340.3182036
137.77 , 66.44946591718576 , 0.0 , 340.3182036
137.79 , 66.87409782939352 , 0.0 , 340.3182036
137.68 , 62.21046838624355 , 0.0 , 340.3182036
137.84 , 65.93202322335307 , 0.0 , 340.3182036
137.83 , 65.4978682506575 , 0.0 , 340.3182036
138.05 , 70.15415409499475 , 0.0 , 340.3182036
137.97 , 66.63261471507157 , 0.0 , 340.3182036
137.8 , 59.766931884532006 , 0.0 , 340.3182036
137.55 , 51.382263618305636 , 0.0 , 340.3182036
137.75 , 56.62479601854823 , 0.0 , 340.3182036
137.85 , 59.00509215113547 , 0.0 , 340.3182036
138.01 , 62.546578894161655 , 0.0 , 340.3182036
137.81 , 56.03065367490912 , 0.0 , 340.3182036
138.0 , 60.26559620287516 , 0.0 , 340.3182036
138.1 , 62.32248514724057 , 0.0 , 340.3182036
138.16 , 63.541961480218546 , 0.0 , 340.3182036
138.59 , 70.82890960804703 , 0.0 , 340.3182036
138.26 , 60.787457422738555 , 0.0 , 340.3182036
138.36 , 62.52142045691035 , 0.0 , 340.3182036
138.47 , 64.38694689098133 , 0.0 , 340.3182036
138.3 , 59.460982319709146 , 0.0 , 340.3182036
138.19 , 56.45146323062911 , 0.0 , 340.3182036
138.24 , 57.50432594856877 , 0.0 , 340.3182036
138.0 , 51.11607981787625 , 0.0 , 340.3182036
137.99 , 50.86253626158486 , 0.0 , 340.3182036
137.91 , 48.778072528101426 , 0.0 , 340.3182036
137.84 , 46.96440413766974 , 0.0 , 340.3182036
137.84 , 46.964404137669746 , 0.0 , 340.3182036
137.98 , 51.175279411965946 , 0.0 , 340.3182036
138.01 , 52.05377035588098 , 0.0 , 340.3182036
137.99 , 51.38992196820088 , 0.0 , 340.3182036
138.17 , 56.7374823305215 , 0.0 , 340.3182036
138.09 , 53.899459078794344 , 0.0 , 340.3182036
138.18 , 56.53358720006217 , 0.0 , 340.3182036
138.26 , 58.78777008716424 , 0.0 , 340.3182036
138.15 , 54.59522815374764 , 0.0 , 340.3182036
138.01 , 49.73381801093007 , 0.0 , 340.3182036
138.04 , 50.745927793707935 , 0.0 , 340.3182036
138.03 , 50.38177086260161 , 0.0 , 340.3182036
137.81 , 43.06068238776086 , 0.0 , 340.3182036
137.93 , 47.53868790107399 , 0.0 , 340.3182036
137.83 , 44.40464993092289 , 0.0 , 340.3182036
137.74 , 41.7377120828691 , 0.0 , 340.3182036
137.37 , 32.970621785582296 , 0.0 , 340.3182036
137.43 , 35.34243453195356 , 0.0 , 340.3182036
137.36 , 33.83807272015365 , 0.0 , 340.3182036
137.44 , 37.131626022817194 , 0.0 , 340.3182036
137.45 , 37.55011391340551 , 0.0 , 340.3182036
137.39 , 36.00162293142504 , 0.0 , 340.3182036
137.5 , 40.819976581149476 , 0.0 , 340.3182036
137.31 , 35.80550560965152 , 0.0 , 340.3182036
137.12 , 31.622118826429023 , 0.0 , 340.3182036
137.06 , 30.413667037170843 , 0.0 , 340.3182036
136.94 , 28.10069637452844 , 0.0 , 340.3182036
136.97 , 29.54330425800636 , 0.0 , 340.3182036
137.17 , 38.414738383629064 , 0.0 , 340.3182036
137.16 , 38.15604246837838 , 0.0 , 340.3182036
136.99 , 33.968135672104204 , 0.0 , 340.3182036
136.68 , 27.944856144603403 , 0.0 , 340.3182036
136.59 , 26.476961295827156 , 0.0 , 340.3182036
136.67 , 29.99695711277796 , 0.0 , 340.3182036
136.81 , 35.79045709029849 , 0.0 , 340.3182036
136.85 , 37.38493879252637 , 0.0 , 340.3182036
136.88 , 38.61611518246477 , 0.0 , 340.3182036
136.69 , 34.0497334398801 , 0.0 , 340.3182036
136.42 , 28.83208788262874 , 0.0 , 340.3182036
136.1 , 24.115499141233517 , 0.0 , 340.3182036
136.05 , 23.469458708147886 , 0.0 , 340.3182036
136.32 , 33.785128422761865 , 0.11 , 325.3241036
136.48 , 39.029831883012754 , 0.11 , 325.3241036
136.72 , 45.94605132171543 , 0.11 , 325.3241036
136.74 , 46.490783959822814 , 0.11 , 325.3241036
136.61 , 43.42729189309211 , 0.11 , 325.3241036
136.68 , 45.50943498608064 , 0.11 , 325.3241036
136.87 , 50.80227612237474 , 0.11 , 325.3241036
136.84 , 49.97683026397767 , 0.11 , 325.3241036
136.63 , 44.523325012727675 , 0.11 , 325.3241036
136.77 , 48.55377868651314 , 0.11 , 325.3241036
136.83 , 50.222874328912795 , 0.11 , 325.3241036
137.1 , 56.21310960688744 , 0.11 , 325.3241036
136.94 , 51.89651426719492 , 0.11 , 325.3241036
137.07 , 54.92514365077081 , 0.11 , 325.3241036
136.65 , 44.90118130232887 , 0.11 , 325.3241036
136.49 , 41.73827139195781 , 0.11 , 325.3241036
136.65 , 45.84637397587796 , 0.11 , 325.3241036
136.48 , 42.42359391701107 , 0.11 , 325.3241036
136.35 , 39.9663535529696 , 0.11 , 325.3241036
136.02 , 34.50307594908266 , 0.11 , 325.3241036
135.64 , 29.50198925216001 , 0.11 , 325.3241036
135.45 , 27.36612082012812 , 0.11 , 325.3241036
135.66 , 33.12865643696931 , 0.11 , 325.3241036
135.68 , 33.66840341379663 , 0.22 , 310.4004036
135.86 , 38.4810736993185 , 0.22 , 310.4004036
135.66 , 35.40711274770811 , 0.22 , 310.4004036
135.86 , 40.52369357169511 , 0.22 , 310.4004036
135.64 , 37.04729902119253 , 0.22 , 310.4004036
135.78 , 40.54283877823735 , 0.22 , 310.4004036
136.09 , 47.494986531490305 , 0.22 , 310.4004036
136.02 , 46.18185795017526 , 0.22 , 310.4004036
135.75 , 41.424486848862244 , 0.22 , 310.4004036
135.73 , 41.08685034541642 , 0.22 , 310.4004036
135.65 , 39.69320242685735 , 0.22 , 310.4004036
135.73 , 41.818500335917804 , 0.22 , 310.4004036
135.86 , 45.19826092311509 , 0.22 , 310.4004036
136.08 , 50.44459636991707 , 0.22 , 310.4004036
136.06 , 49.97619634188823 , 0.22 , 310.4004036
136.08 , 50.47146678513358 , 0.22 , 310.4004036
136.32 , 56.08968016509009 , 0.22 , 310.4004036
136.11 , 50.67323748513497 , 0.22 , 310.4004036
135.91 , 46.1066657029818 , 0.22 , 310.4004036
135.99 , 48.12062659728614 , 0.22 , 310.4004036
135.77 , 43.32572999936012 , 0.22 , 310.4004036
135.87 , 45.96153327123233 , 0.22 , 310.4004036
135.6 , 40.48651136047929 , 0.22 , 310.4004036
135.55 , 39.5470131332833 , 0.22 , 310.4004036
135.55 , 39.5470131332833 , 0.22 , 310.4004036
135.89 , 48.89880703635684 , 0.22 , 310.4004036
135.66 , 43.94621820524864 , 0.22 , 310.4004036
135.66 , 43.946218205248634 , 0.22 , 310.4004036
135.82 , 48.18058097869298 , 0.22 , 310.4004036
135.71 , 45.62859865948634 , 0.22 , 310.4004036
135.71 , 45.628598659486336 , 0.22 , 310.4004036
135.71 , 45.62859865948634 , 0.22 , 310.4004036
135.74 , 46.59219028281433 , 0.22 , 310.4004036
135.82 , 49.17874284944379 , 0.22 , 310.4004036
135.89 , 51.3968068848358 , 0.22 , 310.4004036
135.96 , 53.578686497659604 , 0.22 , 310.4004036
135.89 , 51.107881101551556 , 0.22 , 310.4004036
135.89 , 51.107881101551556 , 0.22 , 310.4004036
135.77 , 46.81558651947991 , 0.22 , 310.4004036
136.03 , 55.53012410096162 , 0.22 , 310.4004036
136.1 , 57.546993605757535 , 0.22 , 310.4004036
136.23 , 61.07754175746754 , 0.22 , 310.4004036
136.28 , 62.37363800362423 , 0.22 , 310.4004036
136.26 , 61.491579653053996 , 0.22 , 310.4004036
136.19 , 58.37978140042741 , 0.22 , 310.4004036
136.35 , 62.98999976808306 , 0.22 , 310.4004036
137.02 , 75.31883973439868 , 0.22 , 310.4004036
137.38 , 79.30751097985512 , 0.22 , 310.4004036
137.49 , 80.3523471853466 , 0.22 , 310.4004036
137.57 , 81.09980013790195 , 0.22 , 310.4004036
137.31 , 71.57022355419915 , 0.22 , 310.4004036
137.34 , 71.97935655814923 , 0.22 , 310.4004036
137.45 , 73.48603922850532 , 0.22 , 310.4004036
137.62 , 75.66392521366086 , 0.22 , 310.4004036
137.55 , 73.00475888017618 , 0.0 , 340.6592036
137.76 , 75.75735547217711 , 0.0 , 340.6592036
137.93 , 77.73643972261344 , 0.0 , 340.6592036
137.92 , 77.33649081668104 , 0.0 , 340.6592036
137.94 , 77.58488165993008 , 0.0 , 340.6592036
137.75 , 69.7625040795808 , 0.0 , 340.6592036
137.89 , 72.00246569735201 , 0.0 , 340.6592036
137.64 , 63.024086027256146 , 0.0 , 340.6592036
137.59 , 61.37568961169379 , 0.0 , 340.6592036
137.47 , 57.48936945073888 , 0.0 , 340.6592036
137.56 , 59.55771829268828 , 0.0 , 340.6592036
137.54 , 58.87221618412928 , 0.0 , 340.6592036
137.56 , 59.375763905049794 , 0.0 , 340.6592036
137.41 , 54.03250323664635 , 0.0 , 340.6592036
137.29 , 50.1447616256568 , 0.0 , 340.6592036
137.37 , 52.593667469715164 , 0.0 , 340.6592036
137.33 , 51.23844096970846 , 0.0 , 340.6592036
137.36 , 52.23260026285269 , 0.0 , 340.6592036
137.3 , 50.035396090660896 , 0.0 , 340.6592036
137.26 , 48.56857366108872 , 0.0 , 340.6592036
137.16 , 45.015630729596346 , 0.0 , 340.6592036
137.29 , 50.12368259187423 , 0.0 , 340.6592036
137.28 , 49.74088351955898 , 0.0 , 340.6592036
136.99 , 40.16180363361514 , 0.0 , 340.6592036
136.95 , 39.04488602895068 , 0.0 , 340.6592036
136.87 , 36.838293657228874 , 0.0 , 340.6592036
136.86 , 36.56015542966857 , 0.0 , 340.6592036
136.78 , 34.3272281279634 , 0.0 , 340.6592036
136.77 , 34.047301672132335 , 0.0 , 340.6592036
136.93 , 42.172669327094795 , 0.0 , 340.6592036
136.86 , 39.85900854570283 , 0.0 , 340.6592036
136.65 , 33.857863986571104 , 0.0 , 340.6592036
136.49 , 30.135099230303798 , 0.0 , 340.6592036
136.42 , 28.650851764264118 , 0.0 , 340.6592036
136.27 , 25.726725598046983 , 0.0 , 340.6592036
136.39 , 31.729681698994572 , 0.11 , 325.6574036
136.34 , 30.619228444011014 , 0.11 , 325.6574036
136.39 , 33.139173044469125 , 0.11 , 325.6574036
136.49 , 37.990129450506025 , 0.11 , 325.6574036
136.88 , 52.47276156123405 , 0.11 , 325.6574036
136.67 , 46.21385786211096 , 0.11 , 325.6574036
136.86 , 51.814059658831155 , 0.11 , 325.6574036
137.24 , 60.64069826675902 , 0.11 , 325.6574036
137.57 , 66.39727763953283 , 0.11 , 325.6574036
137.65 , 67.63316276810008 , 0.11 , 325.6574036
137.69 , 68.26171558649442 , 0.11 , 325.6574036
137.51 , 62.39013980820659 , 0.11 , 325.6574036
137.31 , 56.56790471179437 , 0.11 , 325.6574036
137.22 , 54.12035450719276 , 0.11 , 325.6574036
137.23 , 54.35666394635822 , 0.11 , 325.6574036
137.16 , 52.32499503453156 , 0.11 , 325.6574036
137.32 , 56.341730948702484 , 0.11 , 325.6574036
136.9 , 45.50384414401294 , 0.11 , 325.6574036
136.92 , 46.03617609108005 , 0.11 , 325.6574036
136.87 , 44.85648951716213 , 0.11 , 325.6574036
137.07 , 50.33840951431794 , 0.11 , 325.6574036
136.89 , 45.91441545243968 , 0.11 , 325.6574036
136.92 , 46.75432556690463 , 0.11 , 325.6574036
137.13 , 52.33438940466624 , 0.11 , 325.6574036
137.04 , 49.9198409449423 , 0.11 , 325.6574036
137.04 , 49.919840944942294 , 0.11 , 325.6574036
137.13 , 52.46342458363857 , 0.11 , 325.6574036
137.15 , 53.034289547011085 , 0.11 , 325.6574036
137.16 , 53.33603575151407 , 0.11 , 325.6574036
137.33 , 58.247156196273565 , 0.11 , 325.6574036
137.45 , 61.340130726955714 , 0.11 , 325.6574036
137.67 , 66.27294557439079 , 0.11 , 325.6574036
137.49 , 59.57511953566982 , 0.11 , 325.6574036
137.47 , 58.86327657161888 , 0.11 , 325.6574036
137.36 , 54.97270210838619 , 0.11 , 325.6574036
137.38 , 55.54798668200728 , 0.11 , 325.6574036
137.3 , 52.65029403616316 , 0.11 , 325.6574036
137.13 , 47.03527421201994 , 0.11 , 325.6574036
137.18 , 48.76594702831641 , 0.11 , 325.6574036
137.19 , 49.124007040147106 , 0.11 , 325.6574036
137.18 , 48.75704665457544 , 0.11 , 325.6574036
137.09 , 45.465255829031776 , 0.11 , 325.6574036
136.79 , 36.59592266361992 , 0.11 , 325.6574036
136.83 , 38.323565675469 , 0.11 , 325.6574036
136.63 , 33.42013826151904 , 0.11 , 325.6574036
136.67 , 35.20574181793766 , 0.11 , 325.6574036
136.46 , 30.57034906187387 , 0.11 , 325.6574036
136.56 , 34.96178962533945 , 0.11 , 325.6574036
136.53 , 34.261663299353565 , 0.11 , 325.6574036
136.45 , 32.39845881791207 , 0.11 , 325.6574036
136.34 , 29.983952531366665 , 0.11 , 325.6574036
136.33 , 29.766768605794823 , 0.11 , 325.6574036
136.48 , 37.123775990761786 , 0.22 , 310.6446036
136.62 , 43.113280439595854 , 0.22 , 310.6446036
136.63 , 43.527090694284794 , 0.22 , 310.6446036
136.83 , 51.17659208134473 , 0.22 , 310.6446036
136.68 , 46.129746878228936 , 0.22 , 310.6446036
136.67 , 45.80543781566194 , 0.22 , 310.6446036
136.84 , 51.985388850543345 , 0.22 , 310.6446036
136.77 , 49.48319552296725 , 0.22 , 310.6446036
136.88 , 53.28812161137692 , 0.22 , 310.6446036
136.77 , 49.29001825913649 , 0.22 , 310.6446036
136.73 , 47.88313465631645 , 0.22 , 310.6446036
136.53 , 41.50422838533562 , 0.22 , 310.6446036
136.62 , 45.05167065822069 , 0.22 , 310.6446036
136.65 , 46.222397902301886 , 0.22 , 310.6446036
136.39 , 38.55543125193514 , 0.22 , 310.6446036
136.55 , 44.64086723834526 , 0.22 , 310.6446036
136.66 , 48.42287741893859 , 0.22 , 310.6446036
136.81 , 53.125629863913474 , 0.22 , 310.6446036
136.8 , 52.78012130001321 , 0.22 , 310.6446036
136.96 , 57.53845782713507 , 0.22 , 310.6446036
137.13 , 61.928275275144074 , 0.22 , 310.6446036
136.94 , 55.07505067249435 , 0.22 , 310.6446036
136.99 , 56.44115364462916 , 0.22 , 310.6446036
136.88 , 52.648125073988574 , 0.22 , 310.6446036
136.93 , 54.15623336521202 , 0.22 , 310.6446036
136.86 , 51.67488584534888 , 0.22 , 310.6446036
136.67 , 45.57147665479865 , 0.22 , 310.6446036
136.66 , 45.26842308089403 , 0.22 , 310.6446036
136.55 , 41.96269554533973 , 0.22 , 310.6446036
136.65 , 45.83510767250876 , 0.22 , 310.6446036
136.37 , 38.157926052704916 , 0.22 , 310.6446036
136.44 , 40.82636046579151 , 0.22 , 310.6446036
136.43 , 40.5571286804266 , 0.22 , 310.6446036
136.26 , 36.18809859717608 , 0.22 , 310.6446036
136.3 , 37.88368251493613 , 0.22 , 310.6446036
136.72 , 52.2352438295027 , 0.22 , 310.6446036
136.67 , 50.73249946987614 , 0.22 , 310.6446036
136.61 , 48.913970083915 , 0.22 , 310.6446036
136.6 , 48.60127921659757 , 0.22 , 310.6446036
136.67 , 50.964351104334135 , 0.22 , 310.6446036
136.78 , 54.50412841523751 , 0.22 , 310.6446036
136.64 , 49.59687627773498 , 0.22 , 310.6446036
136.85 , 55.996727680567105 , 0.22 , 310.6446036
136.8 , 54.23111135757064 , 0.22 , 310.6446036
136.77 , 53.148284860816865 , 0.22 , 310.6446036
136.46 , 43.48590685563802 , 0.22 , 310.6446036
136.79 , 53.23292746574826 , 0.22 , 310.6446036
136.5 , 45.763266672561784 , 0.22 , 310.6446036
136.5 , 45.763266672561784 , 0.22 , 310.6446036
136.65 , 49.97418958452107 , 0.22 , 310.6446036
136.64 , 49.69717103002052 , 0.22 , 310.6446036
136.75 , 52.796814716285425 , 0.22 , 310.6446036
136.66 , 50.077873906925284 , 0.22 , 310.6446036
136.47 , 44.82920861783448 , 0.22 , 310.6446036
136.41 , 43.286315130873525 , 0.22 , 310.6446036
136.7 , 51.902732178006126 , 0.22 , 310.6446036
136.68 , 51.32360666927477 , 0.22 , 310.6446036
136.45 , 45.09244798105088 , 0.22 , 310.6446036
136.51 , 46.90347867125102 , 0.22 , 310.6446036
136.76 , 53.74874969111206 , 0.22 , 310.6446036
136.89 , 56.86306037958235 , 0.22 , 310.6446036
136.76 , 53.0184678700291 , 0.22 , 310.6446036
136.57 , 47.919022240859924 , 0.22 , 310.6446036
136.76 , 52.807294140856385 , 0.22 , 310.6446036
136.63 , 49.39141770427755 , 0.22 , 310.6446036
136.7 , 51.22111594011186 , 0.22 , 310.6446036
136.73 , 52.02170201763688 , 0.22 , 310.6446036
136.95 , 57.526937036015354 , 0.22 , 310.6446036
137.03 , 59.35338538726074 , 0.22 , 310.6446036
136.89 , 54.903805640720705 , 0.22 , 310.6446036
136.71 , 49.74066193690596 , 0.22 , 310.6446036
136.67 , 48.645874145347925 , 0.22 , 310.6446036
136.41 , 42.151601659583996 , 0.22 , 310.6446036
136.52 , 45.46852734667167 , 0.22 , 310.6446036
136.61 , 48.09106095652801 , 0.22 , 310.6446036
136.52 , 45.72299813229305 , 0.22 , 310.6446036
136.41 , 42.939922691461604 , 0.22 , 310.6446036
136.48 , 45.22480709289625 , 0.22 , 310.6446036
136.6 , 48.995395684853364 , 0.22 , 310.6446036
136.6 , 48.99539568485336 , 0.22 , 310.6446036
136.86 , 56.51693678577 , 0.22 , 310.6446036
136.88 , 57.041726841014714 , 0.22 , 310.6446036
136.89 , 57.31909320366623 , 0.22 , 310.6446036
136.89 , 57.31909320366623 , 0.22 , 310.6446036
136.77 , 52.59316723392406 , 0.22 , 310.6446036
136.52 , 44.38306859947742 , 0.22 , 310.6446036
136.36 , 40.07164335759756 , 0.22 , 310.6446036
136.51 , 45.42418128875942 , 0.22 , 310.6446036
136.47 , 44.288205987161774 , 0.22 , 310.6446036
136.59 , 48.45297858922002 , 0.22 , 310.6446036
136.6 , 48.79649483379662 , 0.22 , 310.6446036
136.46 , 44.341317305289934 , 0.22 , 310.6446036
136.38 , 41.98251535702672 , 0.22 , 310.6446036
136.5 , 46.57359455646291 , 0.22 , 310.6446036
136.65 , 51.716936548172 , 0.22 , 310.6446036
136.53 , 47.75604905375224 , 0.22 , 310.6446036
136.71 , 53.5079848334679 , 0.22 , 310.6446036
136.88 , 58.18986879377472 , 0.22 , 310.6446036
136.81 , 55.70244197927515 , 0.22 , 310.6446036
136.68 , 51.31531756875427 , 0.22 , 310.6446036
136.48 , 45.39210443820929 , 0.22 , 310.6446036
136.37 , 42.48730034084861 , 0.22 , 310.6446036
136.6 , 49.73094424928081 , 0.22 , 310.6446036
136.46 , 45.938210992582356 , 0.22 , 310.6446036
136.39 , 44.12613594225272 , 0.22 , 310.6446036
136.45 , 46.08911845124843 , 0.22 , 310.6446036
136.39 , 44.40891240327369 , 0.22 , 310.6446036
136.44 , 46.17004319686249 , 0.22 , 310.6446036
136.33 , 42.9465822564645 , 0.22 , 310.6446036
136.47 , 47.92939732817407 , 0.22 , 310.6446036
136.34 , 44.07965802991504 , 0.22 , 310.6446036
136.26 , 41.85186185750583 , 0.22 , 310.6446036
135.98 , 35.154925827309555 , 0.22 , 310.6446036
135.83 , 32.18382784169137 , 0.22 , 310.6446036
135.6 , 28.242399451265303 , 0.22 , 310.6446036
135.78 , 34.95595852377544 , 0.22 , 310.6446036
135.6 , 31.756327748758885 , 0.33 , 295.7077036
135.79 , 38.187910394144836 , 0.33 , 295.7077036
135.79 , 38.18791039414483 , 0.33 , 295.7077036
135.67 , 35.72194182515228 , 0.33 , 295.7077036
135.8 , 40.22519727320949 , 0.33 , 295.7077036
135.79 , 39.993089268438666 , 0.33 , 295.7077036
135.75 , 39.023118637759275 , 0.33 , 295.7077036
135.79 , 40.575240263454596 , 0.33 , 295.7077036
135.63 , 36.565828719127765 , 0.33 , 295.7077036
135.78 , 42.32021641126658 , 0.33 , 295.7077036
135.77 , 42.0463758098731 , 0.33 , 295.7077036
135.96 , 48.82230647725686 , 0.33 , 295.7077036
136.04 , 51.398954149817534 , 0.33 , 295.7077036
135.78 , 43.69861210631604 , 0.33 , 295.7077036
135.71 , 41.87947136293968 , 0.33 , 295.7077036
135.79 , 44.71219766337074 , 0.33 , 295.7077036
135.83 , 46.12606431224545 , 0.33 , 295.7077036
135.74 , 43.43463778524305 , 0.33 , 295.7077036
135.64 , 40.599958732533175 , 0.33 , 295.7077036
135.7 , 43.00350121378712 , 0.33 , 295.7077036
135.65 , 41.49661263978206 , 0.33 , 295.7077036
135.55 , 38.58452051028386 , 0.33 , 295.7077036
135.41 , 34.89270629527768 , 0.33 , 295.7077036
135.4 , 34.63776904929844 , 0.33 , 295.7077036
135.25 , 30.98120727495099 , 0.33 , 295.7077036
135.32 , 34.458420861716164 , 0.33 , 295.7077036
135.38 , 37.37099773238957 , 0.33 , 295.7077036
135.42 , 39.307374419614234 , 0.33 , 295.7077036
136.2 , 63.200586702734874 , 0.33 , 295.7077036
135.99 , 56.725757784630915 , 0.33 , 295.7077036
135.73 , 49.908351874708785 , 0.33 , 295.7077036
135.84 , 52.50884436976636 , 0.33 , 295.7077036
135.76 , 50.45723026565639 , 0.33 , 295.7077036
135.86 , 52.93280601519055 , 0.33 , 295.7077036
136.02 , 56.66401263424291 , 0.33 , 295.7077036
136.14 , 59.27179987609844 , 0.33 , 295.7077036
136.22 , 60.95852048739789 , 0.33 , 295.7077036
136.09 , 56.839126084828095 , 0.33 , 295.7077036
136.12 , 57.55200976922497 , 0.33 , 295.7077036
136.06 , 55.57493942132182 , 0.33 , 295.7077036
136.23 , 59.789773670247406 , 0.33 , 295.7077036
136.21 , 59.07961420471548 , 0.33 , 295.7077036
136.18 , 57.96739925344965 , 0.33 , 295.7077036
136.24 , 59.60530929133292 , 0.33 , 295.7077036
136.07 , 53.27129041529708 , 0.33 , 295.7077036
135.95 , 49.28960662103633 , 0.33 , 295.7077036
135.96 , 49.62749289881515 , 0.33 , 295.7077036
136.16 , 55.949297812881014 , 0.33 , 295.7077036
136.19 , 56.824603598299305 , 0.33 , 295.7077036
136.22 , 57.7291536241415 , 0.33 , 295.7077036
136.34 , 61.22825318339108 , 0.33 , 295.7077036
136.16 , 54.00657788842932 , 0.33 , 295.7077036
136.02 , 49.15081953751295 , 0.33 , 295.7077036
135.86 , 44.25374143125681 , 0.33 , 295.7077036
135.83 , 43.38098780973002 , 0.33 , 295.7077036
136.0 , 49.46320233972391 , 0.33 , 295.7077036
136.04 , 50.802383294017886 , 0.33 , 295.7077036
136.17 , 54.978032968636924 , 0.33 , 295.7077036
136.12 , 53.11090108156892 , 0.33 , 295.7077036
135.97 , 47.85966666069394 , 0.33 , 295.7077036
135.95 , 47.18970732972754 , 0.33 , 295.7077036
135.91 , 45.80855974825467 , 0.33 , 295.7077036
135.96 , 47.86272704781683 , 0.33 , 295.7077036
135.92 , 46.3490925276295 , 0.33 , 295.7077036
135.74 , 40.18972872860179 , 0.33 , 295.7077036
135.74 , 40.189728728601786 , 0.33 , 295.7077036
135.94 , 48.93451052231313 , 0.33 , 295.7077036
135.79 , 43.766100020832376 , 0.33 , 295.7077036
135.77 , 43.11226821351119 , 0.33 , 295.7077036
135.86 , 46.95277109075076 , 0.33 , 295.7077036
135.85 , 46.57651920946261 , 0.33 , 295.7077036
135.96 , 51.20822960274878 , 0.33 , 295.7077036
135.91 , 49.12345032688465 , 0.33 , 295.7077036
136.07 , 55.38315492465471 , 0.33 , 295.7077036
135.82 , 45.883688353963734 , 0.33 , 295.7077036
135.85 , 47.057218395296545 , 0.33 , 295.7077036
135.7 , 42.1370005880269 , 0.33 , 295.7077036
135.8 , 46.1773296881545 , 0.33 , 295.7077036
135.85 , 48.12765202002357 , 0.33 , 295.7077036
135.78 , 45.63450866549497 , 0.33 , 295.7077036
135.97 , 52.7840982066548 , 0.33 , 295.7077036
136.16 , 58.64152645218247 , 0.33 , 295.7077036
136.08 , 55.51848761764978 , 0.33 , 295.7077036
136.05 , 54.349569269273736 , 0.33 , 295.7077036
135.87 , 47.84103693465313 , 0.33 , 295.7077036
135.84 , 46.83437165201381 , 0.33 , 295.7077036
135.93 , 50.21858461964628 , 0.33 , 295.7077036
135.78 , 45.069362967114216 , 0.33 , 295.7077036
135.85 , 47.761276695400475 , 0.33 , 295.7077036
136.01 , 53.384478560084546 , 0.33 , 295.7077036
135.66 , 42.58544174770471 , 0.33 , 295.7077036
135.74 , 45.30873620216372 , 0.33 , 295.7077036
135.58 , 41.1089811051483 , 0.33 , 295.7077036
135.68 , 44.567357813691224 , 0.33 , 295.7077036
135.23 , 34.693824359225225 , 0.33 , 295.7077036
135.3 , 37.030799555010475 , 0.33 , 295.7077036
135.29 , 36.82804753523074 , 0.33 , 295.7077036
135.5 , 43.788411307532535 , 0.33 , 295.7077036
135.71 , 49.75081458831337 , 0.33 , 295.7077036
135.53 , 45.31405116602453 , 0.33 , 295.7077036
135.54 , 45.604281613085654 , 0.33 , 295.7077036
135.6 , 47.40781572609284 , 0.33 , 295.7077036
135.77 , 52.239624433229345 , 0.33 , 295.7077036
135.95 , 56.768563308265186 , 0.33 , 295.7077036
136.08 , 59.73803521715686 , 0.33 , 295.7077036
135.94 , 55.33033340046626 , 0.33 , 295.7077036
135.99 , 56.56300584688685 , 0.33 , 295.7077036
136.23 , 61.98562116467908 , 0.33 , 295.7077036
136.21 , 61.298861346683886 , 0.33 , 295.7077036
136.25 , 62.200869388110405 , 0.33 , 295.7077036
136.21 , 60.67786333558162 , 0.33 , 295.7077036
136.44 , 65.85495020994337 , 0.33 , 295.7077036
136.76 , 71.48084735409354 , 0.33 , 295.7077036
137.24 , 77.47583922561836 , 0.33 , 295.7077036
137.47 , 79.68001692785985 , 0.33 , 295.7077036
137.1 , 68.12971971271456 , 0.33 , 295.7077036
136.84 , 61.39481096401226 , 0.33 , 295.7077036
136.79 , 60.16310596997416 , 0.33 , 295.7077036
136.78 , 59.904256430508966 , 0.33 , 295.7077036
136.95 , 62.831918194354884 , 0.33 , 295.7077036
136.81 , 59.010573102144846 , 0.33 , 295.7077036
136.78 , 58.19382015444603 , 0.33 , 295.7077036
136.78 , 58.19382015444603 , 0.33 , 295.7077036
136.69 , 55.52018346600569 , 0.33 , 295.7077036
136.77 , 57.39400571080121 , 0.33 , 295.7077036
136.69 , 54.90315670415369 , 0.33 , 295.7077036
136.76 , 56.674948510860105 , 0.33 , 295.7077036
136.75 , 56.33444062387396 , 0.33 , 295.7077036
136.78 , 57.16588232900003 , 0.33 , 295.7077036
136.75 , 56.01720280644932 , 0.33 , 295.7077036
136.82 , 58.131244224430375 , 0.33 , 295.7077036
136.89 , 60.19181576704858 , 0.33 , 295.7077036
136.75 , 54.42290235425222 , 0.33 , 295.7077036
136.7 , 52.48806789079331 , 0.33 , 295.7077036
136.7 , 52.48806789079331 , 0.33 , 295.7077036
136.68 , 51.6364440696749 , 0.33 , 295.7077036
136.63 , 49.47522074043603 , 0.33 , 295.7077036
136.71 , 52.873894927536355 , 0.33 , 295.7077036
136.7 , 52.39940590673628 , 0.33 , 295.7077036
136.73 , 53.74059749582939 , 0.33 , 295.7077036
136.73 , 53.74059749582939 , 0.33 , 295.7077036
136.86 , 59.478526169868736 , 0.33 , 295.7077036
136.85 , 58.873579763764894 , 0.33 , 295.7077036
136.89 , 60.599813708843755 , 0.33 , 295.7077036
137.04 , 66.31051075638533 , 0.33 , 295.7077036
137.04 , 66.31051075638533 , 0.33 , 295.7077036
137.09 , 68.0980523509374 , 0.33 , 295.7077036
136.97 , 59.8854803193923 , 0.33 , 295.7077036
136.81 , 51.045949623528216 , 0.33 , 295.7077036
137.04 , 60.15160213360339 , 0.33 , 295.7077036
137.05 , 60.4956541947134 , 0.33 , 295.7077036
137.01 , 58.32633884049684 , 0.33 , 295.7077036
136.81 , 48.886908704325 , 0.33 , 295.7077036
136.48 , 37.968230922795094 , 0.33 , 295.7077036
136.68 , 45.86035043410603 , 0.33 , 295.7077036
136.4 , 38.47928295333699 , 0.33 , 295.7077036
136.45 , 40.32626091855157 , 0.33 , 295.7077036
136.64 , 46.855558370475094 , 0.33 , 295.7077036
136.49 , 42.867733592484555 , 0.33 , 295.7077036
136.81 , 52.21185594777691 , 0.33 , 295.7077036
136.81 , 52.21185594777691 , 0.33 , 295.7077036
136.78 , 51.29961035566092 , 0.33 , 295.7077036
136.69 , 48.558575737243736 , 0.33 , 295.7077036
136.88 , 54.13067195433502 , 0.33 , 295.7077036
136.86 , 53.47405839520989 , 0.33 , 295.7077036
136.91 , 54.94545493130546 , 0.33 , 295.7077036
136.81 , 51.441467146170716 , 0.33 , 295.7077036
136.8 , 51.09058893334336 , 0.0 , 295.7077036
