135.96 , 36.62040548334691 , 0.0 , 341.1091036
136.18 , 46.64868783844797 , 0.0 , 341.1091036
136.02 , 41.505159158189834 , 0.0 , 341.1091036
135.98 , 40.30857333573864 , 0.0 , 341.1091036
136.07 , 44.20615532581015 , 0.0 , 341.1091036
136.11 , 45.897011701918004 , 0.0 , 341.1091036
135.88 , 38.644890697871084 , 0.0 , 341.1091036
135.86 , 38.081408144651945 , 0.0 , 341.1091036
135.91 , 40.42030649353257 , 0.0 , 341.1091036
136.09 , 48.03096312772598 , 0.0 , 341.1091036
136.04 , 46.26313082059926 , 0.0 , 341.1091036
136.15 , 50.57324918835342 , 0.0 , 341.1091036
136.05 , 46.89111669989696 , 0.0 , 341.1091036
136.1 , 48.89466351237197 , 0.0 , 341.1091036
136.13 , 50.110779441037465 , 0.0 , 341.1091036
136.24 , 54.39595125637269 , 0.0 , 341.1091036
136.29 , 56.23604555947065 , 0.0 , 341.1091036
136.45 , 61.57855216289916 , 0.0 , 341.1091036
136.44 , 61.07670805182654 , 0.0 , 341.1091036
136.49 , 62.71296641869638 , 0.0 , 341.1091036
136.29 , 53.097674158100524 , 0.0 , 341.1091036
136.3 , 53.48172036318898 , 0.0 , 341.1091036
136.33 , 54.680609693580095 , 0.0 , 341.1091036
136.47 , 59.87740836352242 , 0.0 , 341.1091036
136.48 , 60.22822762211722 , 0.0 , 341.1091036
136.35 , 53.659663695236006 , 0.0 , 341.1091036
136.39 , 55.27593025052483 , 0.0 , 341.1091036
136.42 , 56.5013243549544 , 0.0 , 341.1091036
136.45 , 57.748036108241344 , 0.0 , 341.1091036
136.53 , 60.96124796413699 , 0.0 , 341.1091036
136.82 , 69.89801267010182 , 0.0 , 341.1091036
136.66 , 61.529056025355345 , 0.0 , 341.1091036
136.68 , 62.13928109056065 , 0.0 , 341.1091036
136.75 , 64.27517667077977 , 0.0 , 341.1091036
136.6 , 56.87125409716387 , 0.0 , 341.1091036
136.9 , 65.44458175974293 , 0.0 , 341.1091036
136.79 , 60.681429044366844 , 0.0 , 341.1091036
136.88 , 63.050939950139394 , 0.0 , 341.1091036
136.8 , 59.61198316750062 , 0.0 , 341.1091036
136.87 , 61.58628781238885 , 0.0 , 341.1091036
136.81 , 58.927301592032556 , 0.0 , 341.1091036
136.82 , 59.24314091517368 , 0.0 , 341.1091036
136.68 , 53.0882025991818 , 0.0 , 341.1091036
136.75 , 55.57352195640043 , 0.0 , 341.1091036
136.86 , 59.228896816294565 , 0.0 , 341.1091036
136.85 , 58.755602469426215 , 0.0 , 341.1091036
136.85 , 58.75560246942621 , 0.0 , 341.1091036
136.72 , 52.43794525112484 , 0.0 , 341.1091036
136.68 , 50.633891778486095 , 0.0 , 341.1091036
136.76 , 54.0395618985702 , 0.0 , 341.1091036
136.98 , 61.83672624047731 , 0.0 , 341.1091036
137.03 , 63.358189466426595 , 0.0 , 341.1091036
137.03 , 63.358189466426595 , 0.0 , 341.1091036
137.09 , 65.28434693703016 , 0.0 , 341.1091036
137.15 , 67.14433359272533 , 0.0 , 341.1091036
137.05 , 61.253845521659834 , 0.0 , 341.1091036
137.06 , 61.6164819047769 , 0.0 , 341.1091036
136.99 , 57.55566360233452 , 0.0 , 341.1091036
137.18 , 64.4115813027104 , 0.0 , 341.1091036
137.24 , 66.2647385030663 , 0.0 , 341.1091036
137.23 , 65.65114702217426 , 0.0 , 341.1091036
137.07 , 56.617696057952735 , 0.0 , 341.1091036
137.03 , 54.59518723439765 , 0.0 , 341.1091036
137.15 , 59.293170336012665 , 0.0 , 341.1091036
137.24 , 62.43270600487991 , 0.0 , 341.1091036
137.09 , 54.84103748706659 , 0.0 , 341.1091036
137.07 , 53.8999353870501 , 0.0 , 341.1091036
136.97 , 49.34070903559623 , 0.0 , 341.1091036
137.04 , 52.37738776173207 , 0.0 , 341.1091036
136.85 , 44.56821203251636 , 0.0 , 341.1091036
136.88 , 45.93877680795237 , 0.0 , 341.1091036
136.8 , 42.89311497395648 , 0.0 , 341.1091036
136.86 , 45.79568090787895 , 0.0 , 341.1091036
136.97 , 50.73904467751469 , 0.0 , 341.1091036
137.04 , 53.636739755047124 , 0.0 , 341.1091036
137.12 , 56.76674064952589 , 0.0 , 341.1091036
137.04 , 52.91932197651719 , 0.0 , 341.1091036
137.0 , 51.056045294383836 , 0.0 , 341.1091036
136.96 , 49.190817818775535 , 0.0 , 341.1091036
136.9 , 46.44960592027485 , 0.0 , 341.1091036
136.95 , 49.00013919274906 , 0.0 , 341.1091036
136.84 , 44.03148245839123 , 0.0 , 341.1091036
136.86 , 45.12108766428808 , 0.0 , 341.1091036
136.74 , 40.07933221427421 , 0.0 , 341.1091036
136.74 , 40.07933221427421 , 0.0 , 341.1091036
136.75 , 40.719512219485495 , 0.0 , 341.1091036
136.73 , 39.80358218804865 , 0.0 , 341.1091036
136.72 , 39.32725209284181 , 0.0 , 341.1091036
136.79 , 44.347797962744444 , 0.0 , 341.1091036
136.95 , 53.765231932942406 , 0.0 , 341.1091036
137.04 , 58.064003864135614 , 0.0 , 341.1091036
136.97 , 53.868798510557035 , 0.0 , 341.1091036
136.94 , 52.130416042062954 , 0.0 , 341.1091036
136.93 , 51.53343496615798 , 0.0 , 341.1091036
137.15 , 61.87687930348573 , 0.0 , 341.1091036
137.11 , 59.39492230388018 , 0.0 , 341.1091036
137.09 , 58.13921137287801 , 0.0 , 341.1091036
137.23 , 63.89369234114483 , 0.0 , 341.1091036
137.37 , 68.54964903145877 , 0.0 , 341.1091036
137.51 , 72.38461596727251 , 0.0 , 341.1091036
137.49 , 71.05171664800893 , 0.0 , 341.1091036
137.7 , 76.0405775859336 , 0.0 , 341.1091036
137.71 , 76.25047107735523 , 0.0 , 341.1091036
138.05 , 82.0183463070219 , 0.0 , 341.1091036
137.93 , 75.08707268967785 , 0.0 , 341.1091036
137.87 , 71.81896855779839 , 0.0 , 341.1091036
137.83 , 69.64276195655465 , 0.0 , 341.1091036
137.82 , 69.07921122005361 , 0.0 , 341.1091036
137.88 , 70.61562914577134 , 0.0 , 341.1091036
137.97 , 72.79896326135128 , 0.0 , 341.1091036
138.01 , 73.73310900938007 , 0.0 , 341.1091036
138.17 , 77.11815720578807 , 0.0 , 341.1091036
137.99 , 66.70356153886627 , 0.0 , 341.1091036
138.01 , 67.23305895377744 , 0.0 , 341.1091036
137.84 , 58.689650079295106 , 0.0 , 341.1091036
137.72 , 53.519779796729935 , 0.0 , 341.1091036
137.79 , 55.9570091854542 , 0.0 , 341.1091036
137.88 , 58.938235782319346 , 0.0 , 341.1091036
137.83 , 56.64427298860186 , 0.0 , 341.1091036
137.72 , 51.86188406270872 , 0.0 , 341.1091036
137.65 , 49.02527823841514 , 0.0 , 341.1091036
137.74 , 52.61392406827018 , 0.0 , 341.1091036
137.65 , 48.90606563028073 , 0.0 , 341.1091036
137.66 , 49.333320545839214 , 0.0 , 341.1091036
137.69 , 50.66613233263918 , 0.0 , 341.1091036
137.71 , 51.580581100897504 , 0.0 , 341.1091036
137.7 , 51.07084900527236 , 0.0 , 341.1091036
137.78 , 54.90980010833971 , 0.0 , 341.1091036
137.83 , 57.171537040615014 , 0.0 , 341.1091036
137.88 , 59.36650790695845 , 0.0 , 341.1091036
137.7 , 49.52601522625829 , 0.0 , 341.1091036
137.47 , 40.32751859360364 , 0.0 , 341.1091036
137.4 , 38.01345294884796 , 0.0 , 341.1091036
137.49 , 42.5758969572931 , 0.0 , 341.1091036
137.58 , 46.7933540151187 , 0.0 , 341.1091036
137.5 , 43.719628561858784 , 0.0 , 341.1091036
137.45 , 41.86851461703812 , 0.0 , 341.1091036
137.58 , 48.029771883208014 , 0.0 , 341.1091036
137.46 , 43.45165551056949 , 0.0 , 341.1091036
137.36 , 40.02761092572983 , 0.0 , 341.1091036
137.48 , 45.570467219912686 , 0.0 , 341.1091036
137.48 , 45.57046721991268 , 0.0 , 341.1091036
137.48 , 45.57046721991268 , 0.0 , 341.1091036
137.58 , 50.3468776382278 , 0.0 , 341.1091036
137.73 , 56.51163581092796 , 0.0 , 341.1091036
137.86 , 61.02772039754725 , 0.0 , 341.1091036
137.67 , 52.45411498924371 , 0.0 , 341.1091036
137.54 , 47.5335904857941 , 0.0 , 341.1091036
137.58 , 49.11527756599365 , 0.0 , 341.1091036
137.77 , 55.91387658859528 , 0.0 , 341.1091036
137.89 , 59.58645668008059 , 0.0 , 341.1091036
137.9 , 59.88634875926231 , 0.0 , 341.1091036
137.98 , 62.29676138062392 , 0.0 , 341.1091036
137.75 , 52.52471659693463 , 0.0 , 341.1091036
137.49 , 44.1027120572583 , 0.0 , 341.1091036
137.37 , 40.847288043646074 , 0.0 , 341.1091036
137.36 , 40.57848048074349 , 0.0 , 341.1091036
137.19 , 36.215293098513555 , 0.0 , 341.1091036
137.41 , 44.527964770659196 , 0.0 , 341.1091036
137.36 , 43.15154033843789 , 0.0 , 341.1091036
137.38 , 43.8985704878322 , 0.0 , 341.1091036
137.25 , 40.20070478068411 , 0.0 , 341.1091036
137.25 , 40.20070478068412 , 0.0 , 341.1091036
137.34 , 43.988990125735214 , 0.0 , 341.1091036
137.34 , 43.98899012573522 , 0.0 , 341.1091036
137.45 , 48.60422278087342 , 0.0 , 341.1091036
137.5 , 50.59689754714357 , 0.0 , 341.1091036
137.53 , 51.80430313440703 , 0.0 , 341.1091036
137.43 , 47.62594206651076 , 0.0 , 341.1091036
137.48 , 49.80589700024494 , 0.0 , 341.1091036
137.52 , 51.54352875984372 , 0.0 , 341.1091036
137.53 , 51.99098700781415 , 0.0 , 341.1091036
137.44 , 47.71999899711577 , 0.0 , 341.1091036
137.35 , 43.84144507152229 , 0.0 , 341.1091036
137.56 , 53.365797024318454 , 0.0 , 341.1091036
137.55 , 52.90566015008324 , 0.0 , 341.1091036
137.38 , 45.692830081842814 , 0.0 , 341.1091036
137.37 , 45.3015815786136 , 0.0 , 341.1091036
137.36 , 44.887661687493676 , 0.0 , 341.1091036
137.57 , 54.32564731868334 , 0.0 , 341.1091036
137.51 , 51.60638829197691 , 0.0 , 341.1091036
137.54 , 52.87648854223199 , 0.0 , 341.1091036
137.61 , 55.79198456886297 , 0.0 , 341.1091036
137.54 , 52.30686122928977 , 0.0 , 341.1091036
137.49 , 49.90869541365034 , 0.0 , 341.1091036
137.39 , 45.42317615774226 , 0.0 , 341.1091036
137.23 , 39.33216948183198 , 0.0 , 341.1091036
137.27 , 41.446106517028326 , 0.0 , 341.1091036
137.28 , 41.99030689928198 , 0.0 , 341.1091036
137.31 , 43.681374803435965 , 0.0 , 341.1091036
137.29 , 42.78589756673183 , 0.0 , 341.1091036
137.34 , 45.77853557048491 , 0.0 , 341.1091036
137.25 , 41.56421235042389 , 0.0 , 341.1091036
137.11 , 36.01070026100729 , 0.0 , 341.1091036
137.14 , 37.92471291992904 , 0.0 , 341.1091036
137.16 , 39.22974718787804 , 0.0 , 341.1091036
137.12 , 37.53032912134261 , 0.0 , 341.1091036
137.11 , 37.09765997188798 , 0.0 , 341.1091036
137.15 , 40.07367994141389 , 0.0 , 341.1091036
137.18 , 42.27937764483303 , 0.0 , 341.1091036
137.13 , 39.6593413258236 , 0.0 , 341.1091036
137.03 , 34.9892247199507 , 0.0 , 341.1091036
137.11 , 40.9771587813214 , 0.0 , 341.1091036
137.14 , 43.093893755313886 , 0.0 , 341.1091036
137.0 , 36.512993888336325 , 0.0 , 341.1091036
136.99 , 36.089056498084545 , 0.0 , 341.1091036
137.08 , 42.55368597654414 , 0.0 , 341.1091036
137.28 , 53.74952771472231 , 0.0 , 341.1091036
137.34 , 56.48919390478477 , 0.0 , 341.1091036
137.5 , 62.81483574188647 , 0.0 , 341.1091036
137.35 , 54.77502197118134 , 0.0 , 341.1091036
137.28 , 51.464596627286554 , 0.0 , 341.1091036
137.25 , 50.06800503535875 , 0.0 , 341.1091036
137.17 , 46.4482156639627 , 0.0 , 341.1091036
137.46 , 58.23569546236184 , 0.0 , 341.1091036
137.59 , 62.24735808408709 , 0.0 , 341.1091036
137.53 , 59.41089070668383 , 0.0 , 341.1091036
137.55 , 60.06414649788707 , 0.0 , 341.1091036
137.51 , 58.05179393367109 , 0.0 , 341.1091036
137.63 , 62.148865927432595 , 0.0 , 341.1091036
137.55 , 58.0764363184751 , 0.0 , 341.1091036
137.42 , 52.101803951923884 , 0.0 , 341.1091036
137.53 , 56.207138618921825 , 0.0 , 341.1091036
137.43 , 51.855838221675064 , 0.0 , 341.1091036
137.35 , 48.61349416433966 , 0.0 , 341.1091036
137.32 , 47.41619120642565 , 0.0 , 341.1091036
137.44 , 52.459920782585044 , 0.0 , 341.1091036
137.5 , 54.79468966330502 , 0.0 , 341.1091036
137.72 , 62.137317105082765 , 0.0 , 341.1091036
137.64 , 58.421239343147846 , 0.0 , 341.1091036
137.51 , 52.88629235546798 , 0.0 , 341.1091036
137.44 , 50.132077759176155 , 0.0 , 341.1091036
137.4 , 48.57533417057739 , 0.0 , 341.1091036
137.35 , 46.62626735594452 , 0.0 , 341.1091036
137.52 , 53.463333773806674 , 0.0 , 341.1091036
137.62 , 56.95624937217198 , 0.0 , 341.1091036
137.52 , 52.69672477607059 , 0.0 , 341.1091036
137.5 , 51.86135589386011 , 0.0 , 341.1091036
137.45 , 49.738539697782194 , 0.0 , 341.1091036
137.54 , 53.43341750326105 , 0.0 , 341.1091036
137.46 , 49.920438680043425 , 0.0 , 341.1091036
137.55 , 53.615113999166006 , 0.0 , 341.1091036
137.66 , 57.720728064937035 , 0.0 , 341.1091036
138.15 , 70.32220273904495 , 0.0 , 341.1091036
138.2 , 71.2634151233669 , 0.0 , 341.1091036
138.53 , 76.54952545704494 , 0.0 , 341.1091036
138.63 , 77.87754692444676 , 0.0 , 341.1091036
138.82 , 80.17480227475727 , 0.0 , 341.1091036
139.04 , 82.44762536181719 , 0.0 , 341.1091036
138.76 , 71.25162481236181 , 0.0 , 341.1091036
138.91 , 73.34024211488627 , 0.0 , 341.1091036
138.72 , 66.72728027617354 , 0.0 , 341.1091036
138.99 , 70.76185970165967 , 0.0 , 341.1091036
139.02 , 71.1800228661054 , 0.0 , 341.1091036
139.2 , 73.618051643434 , 0.0 , 341.1091036
139.17 , 72.51697310744322 , 0.0 , 341.1091036
139.25 , 73.64881944476687 , 0.0 , 341.1091036
139.28 , 74.07991669339867 , 0.0 , 341.1091036
139.17 , 69.5847542954013 , 0.0 , 341.1091036
139.54 , 75.06549622373538 , 0.0 , 341.1091036
139.73 , 77.32508898792312 , 0.0 , 341.1091036
140.0 , 80.0867280503647 , 0.0 , 341.1091036
139.99 , 79.69956119136069 , 0.0 , 341.1091036
139.83 , 73.57112475631939 , 0.0 , 341.1091036
139.49 , 62.562103380946766 , 0.0 , 341.1091036
139.76 , 66.80951584743612 , 0.0 , 341.1091036
139.57 , 61.52013546711203 , 0.0 , 341.1091036
139.55 , 60.97291227836838 , 0.0 , 341.1091036
139.54 , 60.68226671893597 , 0.0 , 341.1091036
139.49 , 59.1636901494044 , 0.0 , 341.1091036
139.38 , 55.85220661546313 , 0.0 , 341.1091036
139.22 , 51.3500538216789 , 0.0 , 341.1091036
139.21 , 51.072954427654125 , 0.0 , 341.1091036
139.3 , 53.504768036199245 , 0.0 , 341.1091036
139.44 , 57.07853355047692 , 0.0 , 341.1091036
139.48 , 58.070180916205906 , 0.0 , 341.1091036
139.52 , 59.0881086605207 , 0.0 , 341.1091036
139.71 , 63.607538856357415 , 0.0 , 341.1091036
139.9 , 67.47667290248583 , 0.0 , 341.1091036
139.84 , 65.12209509649396 , 0.0 , 341.1091036
139.88 , 65.97452180245999 , 0.0 , 341.1091036
140.25 , 72.63651867018507 , 0.0 , 341.1091036
140.28 , 73.0964718629926 , 0.0 , 341.1091036
140.25 , 71.79680487166719 , 0.0 , 341.1091036
140.12 , 66.2959585892585 , 0.0 , 341.1091036
140.25 , 68.86492808841949 , 0.0 , 341.1091036
140.24 , 68.43282955043726 , 0.0 , 341.1091036
140.37 , 70.98189929237823 , 0.0 , 341.1091036
140.35 , 70.0447836494123 , 0.0 , 341.1091036
140.39 , 70.87302263494092 , 0.0 , 341.1091036
140.31 , 66.88959913838825 , 0.0 , 341.1091036
140.34 , 67.62446559208894 , 0.0 , 341.1091036
140.32 , 66.56380712884977 , 0.0 , 341.1091036
140.41 , 68.92575090530526 , 0.0 , 341.1091036
140.6 , 73.22572832038848 , 0.0 , 341.1091036
140.6 , 73.22572832038848 , 0.0 , 341.1091036
140.4 , 62.643287791314805 , 0.0 , 341.1091036
140.36 , 60.75225433061841 , 0.0 , 341.1091036
140.43 , 62.86492456118186 , 0.0 , 341.1091036
140.39 , 60.8492569825689 , 0.0 , 341.1091036
140.3 , 56.4625539802128 , 0.0 , 341.1091036
140.34 , 57.91471698886953 , 0.0 , 341.1091036
140.36 , 58.65723438608617 , 0.0 , 341.1091036
140.72 , 69.19330511451737 , 0.0 , 341.1091036
140.97 , 74.12486172331101 , 0.0 , 341.1091036
140.99 , 74.47686571729545 , 0.0 , 341.1091036
140.96 , 72.8753849908402 , 0.0 , 341.1091036
140.92 , 70.69266464419924 , 0.0 , 341.1091036
140.91 , 70.12717033082325 , 0.0 , 341.1091036
140.92 , 70.38231685480612 , 0.0 , 341.1091036
140.62 , 55.16102373867936 , 0.0 , 341.1091036
140.77 , 59.83793097731378 , 0.0 , 341.1091036
140.86 , 62.373813909138775 , 0.0 , 341.1091036
140.93 , 64.26381280634132 , 0.0 , 341.1091036
140.99 , 65.84736876311165 , 0.0 , 341.1091036
141.32 , 72.94767614932718 , 0.0 , 341.1091036
141.25 , 69.64030866364737 , 0.0 , 341.1091036
141.25 , 69.64030866364736 , 0.0 , 341.1091036
141.17 , 65.69256860799516 , 0.0 , 341.1091036
141.19 , 66.20829886142342 , 0.0 , 341.1091036
141.14 , 63.63292100900988 , 0.0 , 341.1091036
141.05 , 59.17126035485209 , 0.0 , 341.1091036
141.14 , 62.037755688759376 , 0.0 , 341.1091036
141.08 , 59.060763163578386 , 0.0 , 341.1091036
141.28 , 65.07666575038358 , 0.0 , 341.1091036
141.27 , 64.56578659083269 , 0.0 , 341.1091036
141.43 , 68.78781997051512 , 0.0 , 341.1091036
141.44 , 69.03614392004987 , 0.0 , 341.1091036
141.52 , 71.02238436791757 , 0.0 , 341.1091036
141.61 , 73.11202713673755 , 0.0 , 341.1091036
141.8 , 76.89932787009614 , 0.0 , 341.1091036
141.73 , 72.82921474160266 , 0.0 , 341.1091036
141.43 , 58.53110680328996 , 0.0 , 341.1091036
141.7 , 65.16047784046725 , 0.0 , 341.1091036
141.99 , 70.5974150021989 , 0.0 , 341.1091036
142.41 , 76.35304987240764 , 0.0 , 341.1091036
142.38 , 75.22038888296414 , 0.0 , 341.1091036
142.41 , 75.61003417116639 , 0.0 , 341.1091036
142.45 , 76.14856779572972 , 0.0 , 341.1091036
142.54 , 77.3598574059641 , 0.0 , 341.1091036
143.19 , 83.77042207827762 , 0.0 , 341.1091036
143.32 , 84.70330959974528 , 0.0 , 341.1091036
143.32 , 84.70330959974528 , 0.0 , 341.1091036
143.03 , 73.73763674031723 , 0.0 , 341.1091036
142.53 , 59.447796935087624 , 0.0 , 341.1091036
142.55 , 59.7835243674009 , 0.0 , 341.1091036
142.32 , 54.2238976715126 , 0.0 , 341.1091036
142.5 , 57.550962884754554 , 0.0 , 341.1091036
142.3 , 52.9462760828189 , 0.0 , 341.1091036
142.08 , 48.36240148117503 , 0.0 , 341.1091036
141.79 , 43.069138256235576 , 0.0 , 341.1091036
141.79 , 43.069138256235576 , 0.0 , 341.1091036
142.16 , 51.00415705514156 , 0.0 , 341.1091036
142.37 , 54.85056037473348 , 0.0 , 341.1091036
142.48 , 56.76520030502966 , 0.0 , 341.1091036
142.12 , 49.38416974748218 , 0.0 , 341.1091036
142.3 , 52.69613764543383 , 0.0 , 341.1091036
142.57 , 57.218183074397984 , 0.0 , 341.1091036
142.36 , 52.976286776631376 , 0.0 , 341.1091036
142.87 , 60.613117383179926 , 0.0 , 341.1091036
142.68 , 56.90531020603522 , 0.0 , 341.1091036
142.76 , 58.06839942382096 , 0.0 , 341.1091036
142.85 , 59.396082481990675 , 0.0 , 341.1091036
142.98 , 61.30209585760343 , 0.0 , 341.1091036
143.38 , 66.51115718552612 , 0.0 , 341.1091036
143.33 , 65.32740142423098 , 0.0 , 341.1091036
143.18 , 61.775276447385075 , 0.0 , 341.1091036
142.87 , 55.106436420249004 , 0.0 , 341.1091036
142.74 , 52.54472014636165 , 0.0 , 341.1091036
142.81 , 53.790382793949085 , 0.0 , 341.1091036
142.62 , 49.95724339325414 , 0.0 , 341.1091036
142.62 , 49.95724339325414 , 0.0 , 341.1091036
142.74 , 52.439753837685345 , 0.0 , 341.1091036
142.73 , 52.20732780907835 , 0.0 , 341.1091036
142.68 , 50.990393409426794 , 0.0 , 341.1091036
142.84 , 54.63453879473982 , 0.0 , 341.1091036
142.74 , 52.030558650413724 , 0.0 , 341.1091036
142.64 , 49.490315478255084 , 0.0 , 341.1091036
142.67 , 50.27464868439087 , 0.0 , 341.1091036
142.74 , 52.14206591591878 , 0.0 , 341.1091036
142.81 , 54.002368769572705 , 0.0 , 341.1091036
142.7 , 50.669230410663516 , 0.0 , 341.1091036
142.63 , 48.61294905598451 , 0.0 , 341.1091036
142.85 , 54.81884994064872 , 0.0 , 341.1091036
142.97 , 57.81170936455203 , 0.0 , 341.1091036
143.1 , 60.8381944184751 , 0.0 , 341.1091036
143.15 , 61.9682612314271 , 0.0 , 341.1091036
143.19 , 62.890827049878354 , 0.0 , 341.1091036
143.04 , 57.27949098583267 , 0.0 , 341.1091036
143.03 , 56.914906299513966 , 0.0 , 341.1091036
142.89 , 51.93132659036495 , 0.0 , 341.1091036
143.13 , 58.62044772074433 , 0.0 , 341.1091036
143.07 , 56.50351487990515 , 0.0 , 341.1091036
143.21 , 60.12219858081818 , 0.0 , 341.1091036
143.36 , 63.61494754597231 , 0.0 , 341.1091036
143.73 , 70.48261419133529 , 0.0 , 341.1091036
143.65 , 67.51531429688615 , 0.0 , 341.1091036
143.63 , 66.75863547188284 , 0.0 , 341.1091036
143.2 , 53.00420140352776 , 0.0 , 341.1091036
142.74 , 42.836489981273886 , 0.0 , 341.1091036
142.53 , 39.144738492716215 , 0.0 , 341.1091036
142.52 , 38.97249525416777 , 0.0 , 341.1091036
142.24 , 34.40727458829995 , 0.0 , 341.1091036
142.31 , 36.4126647464078 , 0.0 , 341.1091036
142.19 , 34.46722658205433 , 0.0 , 341.1091036
142.01 , 31.72883798155842 , 0.0 , 341.1091036
142.35 , 41.22734116724365 , 0.0 , 341.1091036
142.11 , 37.284057212606214 , 0.0 , 341.1091036
142.34 , 42.918717343130695 , 0.0 , 341.1091036
142.34 , 42.9187173431307 , 0.0 , 341.1091036
142.5 , 46.776640456585795 , 0.0 , 341.1091036
142.59 , 48.86999546607885 , 0.0 , 341.1091036
142.45 , 45.849061308373386 , 0.0 , 341.1091036
142.67 , 50.97737788245752 , 0.0 , 341.1091036
142.58 , 48.93564616025974 , 0.0 , 341.1091036
142.43 , 45.65370602882226 , 0.0 , 341.1091036
142.51 , 47.66948874098196 , 0.0 , 341.1091036
142.57 , 49.19163011469882 , 0.0 , 341.1091036
142.69 , 52.187066378946824 , 0.0 , 341.1091036
142.71 , 52.68771403476096 , 0.0 , 341.1091036
142.71 , 52.68771403476096 , 0.0 , 341.1091036
142.81 , 55.39603206994181 , 0.0 , 341.1091036
142.99 , 59.851120670492485 , 0.0 , 341.1091036
143.03 , 60.78840114788606 , 0.0 , 341.1091036
142.87 , 55.23388295195644 , 0.0 , 341.1091036
142.81 , 53.2682166976234 , 0.0 , 341.1091036
142.74 , 50.988364154386645 , 0.0 , 341.1091036
142.68 , 49.050514578302575 , 0.0 , 341.1091036
142.72 , 50.40380426790559 , 0.0 , 341.1091036
142.83 , 54.02065918958663 , 0.0 , 341.1091036
142.76 , 51.44935929192318 , 0.0 , 341.1091036
142.86 , 54.7620608259637 , 0.0 , 341.1091036
142.75 , 50.66674223594345 , 0.0 , 341.1091036
142.76 , 51.02531029533276 , 0.0 , 341.1091036
142.34 , 38.40098572588374 , 0.0 , 341.1091036
142.29 , 37.22036995566841 , 0.0 , 341.1091036
142.07 , 32.48754481791768 , 0.0 , 341.1091036
142.31 , 41.26221116109042 , 0.0 , 341.1091036
142.4 , 44.191505213476155 , 0.0 , 341.1091036
142.35 , 42.91115791880494 , 0.0 , 341.1091036
142.35 , 42.91115791880494 , 0.0 , 341.1091036
142.25 , 40.20899474035416 , 0.0 , 341.1091036
142.38 , 45.05308972373255 , 0.0 , 341.1091036
142.4 , 45.78087063637621 , 0.0 , 341.1091036
142.42 , 46.543377199475444 , 0.0 , 341.1091036
142.42 , 46.543377199475444 , 0.0 , 341.1091036
142.43 , 46.97579600743335 , 0.0 , 341.1091036
142.45 , 47.88380558961453 , 0.0 , 341.1091036
142.74 , 58.879593589933286 , 0.0 , 341.1091036
142.8 , 60.72587589156966 , 0.0 , 341.1091036
142.68 , 55.37113103905011 , 0.0 , 341.1091036
142.62 , 52.86122807996421 , 0.0 , 341.1091036
142.77 , 57.98829025645201 , 0.0 , 341.1091036
142.8 , 58.94994405773299 , 0.0 , 341.1091036
142.77 , 57.53173405570926 , 0.0 , 341.1091036
142.61 , 50.54719686198862 , 0.0 , 341.1091036
142.38 , 42.55024050236024 , 0.0 , 341.1091036
142.31 , 40.4526095644115 , 0.0 , 341.1091036
142.34 , 41.77733847134076 , 0.0 , 341.1091036
142.35 , 43.60025182725577 , 0.0 , 341.1091036
142.36 , 44.067017713291996 , 0.0 , 341.1091036
142.3 , 41.83011578751063 , 0.0 , 341.1091036
142.26 , 40.35926062537928 , 0.0 , 341.1091036
142.39 , 46.95306901971135 , 0.0 , 341.1091036
142.36 , 45.848894077449636 , 0.0 , 341.1091036
142.38 , 46.74798451073372 , 0.0 , 341.1091036
142.34 , 45.13394550740788 , 0.0 , 341.1091036
142.32 , 44.31016932509641 , 0.0 , 341.1091036
142.33 , 44.852156676937554 , 0.0 , 341.1091036
142.26 , 41.786444378350865 , 0.0 , 341.1091036
142.13 , 36.76109255945338 , 0.0 , 341.1091036
142.19 , 40.32801851418637 , 0.0 , 341.1091036
142.27 , 44.798783152150214 , 0.0 , 341.1091036
142.34 , 48.438985598251826 , 0.0 , 341.1091036
142.26 , 44.8027021881237 , 0.0 , 341.1091036
142.11 , 38.905339357497844 , 0.0 , 341.1091036
141.71 , 28.23292051541697 , 0.0 , 341.1091036
141.84 , 35.97633669574146 , 0.0 , 341.1091036
142.07 , 45.19826162445841 , 0.0 , 341.1091036
142.13 , 47.32961590583457 , 0.0 , 341.1091036
142.13 , 47.329615905834565 , 0.0 , 341.1091036
141.98 , 42.533379540937055 , 0.0 , 341.1091036
141.94 , 41.330581993274336 , 0.0 , 341.1091036
141.93 , 41.018287119654254 , 0.0 , 341.1091036
141.63 , 32.96978016110973 , 0.0 , 341.1091036
141.59 , 32.066317291576425 , 0.0 , 341.1091036
141.64 , 34.483125164669076 , 0.0 , 341.1091036
141.59 , 33.2107354634755 , 0.0 , 341.1091036
141.43 , 29.464100546110334 , 0.0 , 341.1091036
141.49 , 32.53765063712785 , 0.14 , 321.2991036
141.34 , 29.121278181664273 , 0.14 , 321.2991036
141.39 , 31.69576161656798 , 0.14 , 321.2991036
141.39 , 31.69576161656798 , 0.14 , 321.2991036
141.26 , 28.566940918630156 , 0.14 , 321.2991036
141.36 , 33.96680842138536 , 0.14 , 321.2991036
141.32 , 32.89561824224117 , 0.14 , 321.2991036
141.35 , 34.56242399540174 , 0.14 , 321.2991036
141.31 , 33.3721638326973 , 0.14 , 321.2991036
141.2 , 30.28356126897861 , 0.14 , 321.2991036
140.93 , 24.331115544508826 , 0.14 , 321.2991036
140.91 , 23.95549906646605 , 0.14 , 321.2991036
140.7 , 20.395213361597257 , 0.14 , 321.2991036
140.63 , 19.36221847348099 , 0.14 , 321.2991036
140.9 , 33.37855123771741 , 0.28 , 301.5745036
140.41 , 24.91469318675459 , 0.28 , 301.5745036
140.5 , 28.500878337615358 , 0.28 , 301.5745036
140.33 , 25.97705603019837 , 0.28 , 301.5745036
140.29 , 25.406958753729047 , 0.28 , 301.5745036
140.21 , 24.2602100170629 , 0.28 , 301.5745036
140.13 , 23.13565163384078 , 0.28 , 301.5745036
140.22 , 27.22279640566287 , 0.28 , 301.5745036
140.25 , 28.585941900950306 , 0.28 , 301.5745036
140.2 , 27.656178490781407 , 0.28 , 301.5745036
140.04 , 24.868722136999455 , 0.28 , 301.5745036
139.89 , 22.57183942824434 , 0.28 , 301.5745036
139.96 , 26.00639841508042 , 0.42 , 281.9829036
139.82 , 23.738421863378154 , 0.42 , 281.9829036
139.92 , 28.53269115983596 , 0.42 , 281.9829036
139.85 , 27.24167077379821 , 0.42 , 281.9829036
139.83 , 26.867615206221483 , 0.42 , 281.9829036
140.03 , 36.28874952864811 , 0.42 , 281.9829036
140.23 , 44.05073034828469 , 0.42 , 281.9829036
140.37 , 48.756969231272144 , 0.42 , 281.9829036
140.3 , 46.64429392103809 , 0.42 , 281.9829036
140.3 , 46.64429392103809 , 0.42 , 281.9829036
140.4 , 50.21816040046172 , 0.42 , 281.9829036
140.26 , 45.61190146055477 , 0.42 , 281.9829036
140.36 , 49.19647922876205 , 0.42 , 281.9829036
140.39 , 50.25569260770465 , 0.42 , 281.9829036
140.34 , 48.442879510133324 , 0.42 , 281.9829036
140.32 , 47.70166152469021 , 0.42 , 281.9829036
140.32 , 47.70166152469021 , 0.42 , 281.9829036
140.31 , 47.28214167963791 , 0.42 , 281.9829036
140.31 , 47.28214167963791 , 0.42 , 281.9829036
140.3 , 46.80474624129906 , 0.42 , 281.9829036
140.33 , 48.485171951292216 , 0.42 , 281.9829036
140.36 , 50.18003470812147 , 0.42 , 281.9829036
140.38 , 51.329669766700846 , 0.42 , 281.9829036
140.25 , 44.19140817259411 , 0.42 , 281.9829036
140.24 , 43.68810630659286 , 0.42 , 281.9829036
140.15 , 39.344937113240945 , 0.42 , 281.9829036
140.19 , 42.099956038830356 , 0.42 , 281.9829036
140.22 , 44.14892333041598 , 0.42 , 281.9829036
140.32 , 50.4441901068746 , 0.42 , 281.9829036
140.39 , 54.32517708072775 , 0.42 , 281.9829036
140.46 , 57.87775641747388 , 0.42 , 281.9829036
140.49 , 59.337475057835974 , 0.42 , 281.9829036
140.45 , 56.52479660015434 , 0.42 , 281.9829036
140.44 , 55.81252215120951 , 0.42 , 281.9829036
140.43 , 55.06526382150988 , 0.42 , 281.9829036
140.38 , 51.36238908746077 , 0.42 , 281.9829036
140.34 , 48.54969517074982 , 0.42 , 281.9829036
140.29 , 45.216441725325076 , 0.42 , 281.9829036
140.22 , 40.97499994613353 , 0.42 , 281.9829036
140.16 , 37.709803672484966 , 0.42 , 281.9829036
140.41 , 54.11647692925378 , 0.42 , 281.9829036
140.47 , 57.04097393648835 , 0.42 , 281.9829036
140.4 , 52.81178809692088 , 0.42 , 281.9829036
140.48 , 56.75776551045366 , 0.42 , 281.9829036
140.54 , 59.49360500194199 , 0.42 , 281.9829036
140.55 , 59.94842082364359 , 0.42 , 281.9829036
140.78 , 68.66355716905234 , 0.42 , 281.9829036
140.85 , 70.74968078209814 , 0.42 , 281.9829036
140.81 , 67.96532717048314 , 0.42 , 281.9829036
140.84 , 68.95223411875305 , 0.42 , 281.9829036
140.76 , 63.34769213555516 , 0.42 , 281.9829036
140.86 , 66.9625633106822 , 0.42 , 281.9829036
140.86 , 66.96256331068221 , 0.42 , 281.9829036
140.0 , 33.75652557982574 , 0.42 , 281.9829036
140.0 , 33.75652557982574 , 0.42 , 281.9829036
140.18 , 40.873721956563436 , 0.42 , 281.9829036
140.24 , 43.06943104230327 , 0.42 , 281.9829036
140.37 , 47.60912614245487 , 0.42 , 281.9829036
140.39 , 48.29226346801783 , 0.42 , 281.9829036
140.26 , 44.25307714071122 , 0.42 , 281.9829036
140.42 , 49.8164598328001 , 0.42 , 281.9829036
140.41 , 49.48406968274502 , 0.42 , 281.9829036
140.43 , 50.1997539195875 , 0.42 , 281.9829036
140.43 , 50.1997539195875 , 0.42 , 281.9829036
140.56 , 55.005244356617226 , 0.42 , 281.9829036
141.03 , 67.2932789334462 , 0.42 , 281.9829036
140.98 , 65.25168627022762 , 0.42 , 281.9829036
140.83 , 59.42682151048052 , 0.42 , 281.9829036
140.99 , 63.20037812617348 , 0.42 , 281.9829036
140.91 , 60.18623611012357 , 0.42 , 281.9829036
140.82 , 56.89860659263548 , 0.42 , 281.9829036
140.89 , 58.78437265297924 , 0.42 , 281.9829036
141.0 , 61.62566971521951 , 0.42 , 281.9829036
141.32 , 68.44142629023303 , 0.42 , 281.9829036
141.3 , 67.63289663998866 , 0.42 , 281.9829036
141.14 , 61.38526122434086 , 0.42 , 281.9829036
141.18 , 62.32231937482643 , 0.42 , 281.9829036
141.21 , 63.04661132419908 , 0.42 , 281.9829036
141.19 , 62.18832580171807 , 0.42 , 281.9829036
141.11 , 58.74344555668927 , 0.42 , 281.9829036
141.08 , 57.45806359589775 , 0.42 , 281.9829036
140.99 , 53.664349551224674 , 0.42 , 281.9829036
141.01 , 54.385112387269274 , 0.42 , 281.9829036
140.77 , 45.28237091052779 , 0.42 , 281.9829036
140.7 , 43.020642011425345 , 0.42 , 281.9829036
140.56 , 38.842065272866186 , 0.42 , 281.9829036
140.63 , 41.881684619872885 , 0.42 , 281.9829036
140.53 , 38.90674642962752 , 0.42 , 281.9829036
140.61 , 42.4298532537029 , 0.42 , 281.9829036
140.51 , 39.37331892257484 , 0.42 , 281.9829036
140.37 , 35.51592815837877 , 0.42 , 281.9829036
140.3 , 33.73624363472737 , 0.42 , 281.9829036
140.26 , 32.72705259916188 , 0.42 , 281.9829036
140.17 , 30.515181478289726 , 0.42 , 281.9829036
140.12 , 29.329233037621215 , 0.42 , 281.9829036
140.21 , 34.28034041243217 , 0.56 , 262.3521036
140.22 , 34.8266948319885 , 0.56 , 262.3521036
140.13 , 32.2297468952104 , 0.56 , 262.3521036
140.29 , 40.69610028022343 , 0.56 , 262.3521036
140.23 , 38.741535515765484 , 0.56 , 262.3521036
140.15 , 36.24214248779971 , 0.56 , 262.3521036
140.02 , 32.5654838602829 , 0.56 , 262.3521036
140.14 , 38.74304983555825 , 0.56 , 262.3521036
140.21 , 42.076481515871066 , 0.56 , 262.3521036
140.05 , 37.10611615693619 , 0.56 , 262.3521036
139.98 , 35.14981939553988 , 0.56 , 262.3521036
140.07 , 39.56176511999052 , 0.56 , 262.3521036
140.06 , 39.2423057270233 , 0.56 , 262.3521036
140.18 , 44.98345985910847 , 0.56 , 262.3521036
140.04 , 40.20970334234069 , 0.56 , 262.3521036
140.05 , 40.6938354593246 , 0.56 , 262.3521036
140.03 , 39.99629780182142 , 0.56 , 262.3521036
139.93 , 36.61664368620488 , 0.56 , 262.3521036
139.94 , 37.18822524712861 , 0.56 , 262.3521036
140.16 , 48.245717293162365 , 0.56 , 262.3521036
140.15 , 47.833515502672384 , 0.56 , 262.3521036
140.22 , 50.990101548256916 , 0.56 , 262.3521036
139.85 , 37.92662820455941 , 0.56 , 262.3521036
139.85 , 37.9266282045594 , 0.56 , 262.3521036
139.79 , 36.18322073949838 , 0.56 , 262.3521036
139.62 , 31.732401452635322 , 0.56 , 262.3521036
139.61 , 31.487043361679667 , 0.56 , 262.3521036
139.48 , 28.411514133000438 , 0.56 , 262.3521036
139.66 , 37.51261930830723 , 0.7 , 242.8039036
139.56 , 34.86104651151224 , 0.7 , 242.8039036
139.37 , 30.4561168361245 , 0.7 , 242.8039036
139.31 , 29.201292407213252 , 0.7 , 242.8039036
139.23 , 27.570224092469136 , 0.7 , 242.8039036
139.26 , 29.16799879660457 , 0.7 , 242.8039036
139.21 , 28.057099713706823 , 0.7 , 242.8039036
139.23 , 29.21836972472044 , 0.7 , 242.8039036
139.27 , 31.596513917669295 , 0.7 , 242.8039036
139.39 , 38.29454445382228 , 0.7 , 242.8039036
139.44 , 40.89165897018178 , 0.7 , 242.8039036
139.32 , 36.87974700117997 , 0.7 , 242.8039036
139.34 , 37.972036159017705 , 0.7 , 242.8039036
139.17 , 32.77954854826604 , 0.7 , 242.8039036
139.18 , 33.3568502795745 , 0.7 , 242.8039036
139.18 , 33.3568502795745 , 0.7 , 242.8039036
139.15 , 32.389040212587524 , 0.7 , 242.8039036
139.11 , 31.093651105601843 , 0.7 , 242.8039036
138.98 , 27.275578545842954 , 0.7 , 242.8039036
139.02 , 30.11894749411551 , 0.84 , 223.3453036
139.07 , 33.613009586423225 , 0.84 , 223.3453036
139.15 , 38.87884632449303 , 0.84 , 223.3453036
138.98 , 32.905746478471606 , 0.84 , 223.3453036
138.91 , 30.80695640667782 , 0.84 , 223.3453036
138.97 , 34.65422628285111 , 0.84 , 223.3453036
138.91 , 32.69639708872803 , 0.84 , 223.3453036
138.85 , 30.821175984995104 , 0.84 , 223.3453036
138.77 , 28.47610203098268 , 0.84 , 223.3453036
138.74 , 27.62719509206029 , 0.84 , 223.3453036
138.69 , 26.2240188447384 , 0.84 , 223.3453036
138.75 , 30.768115030622006 , 0.84 , 223.3453036
138.8 , 34.39451822081021 , 0.84 , 223.3453036
138.92 , 42.21733922678268 , 0.84 , 223.3453036
138.83 , 38.508594991034755 , 0.84 , 223.3453036
138.68 , 33.26366644244768 , 0.84 , 223.3453036
138.58 , 30.30069219517929 , 0.84 , 223.3453036
138.58 , 30.30069219517929 , 0.84 , 223.3453036
138.62 , 33.06655293381723 , 0.84 , 223.3453036
138.52 , 29.874784882193424 , 0.84 , 223.3453036
138.5 , 29.26633416720398 , 0.84 , 223.3453036
138.73 , 43.514006389083704 , 0.84 , 223.3453036
138.93 , 52.47796116587203 , 0.98 , 203.9217036
138.64 , 42.05619071256665 , 0.98 , 203.9217036
138.51 , 38.376897112122435 , 0.98 , 203.9217036
138.32 , 33.73204289720603 , 0.98 , 203.9217036
138.14 , 30.024534828042036 , 0.98 , 203.9217036
138.1 , 29.255028568213255 , 0.98 , 203.9217036
137.95 , 26.51106125410819 , 0.98 , 203.9217036
138.22 , 37.81701405721641 , 0.98 , 203.9217036
138.46 , 45.79921938004045 , 0.98 , 203.9217036
138.19 , 39.635131379301534 , 0.98 , 203.9217036
138.04 , 36.68141360381673 , 0.98 , 203.9217036
137.89 , 33.95624697827695 , 0.98 , 203.9217036
137.73 , 31.28623217861895 , 0.98 , 203.9217036
137.8 , 33.74095193391993 , 0.98 , 203.9217036
137.9 , 37.1928192778437 , 0.98 , 203.9217036
137.74 , 34.12916837234462 , 0.98 , 203.9217036
137.76 , 34.85157018429872 , 0.98 , 203.9217036
137.82 , 37.080898986572066 , 0.98 , 203.9217036
137.86 , 38.58960794252338 , 0.98 , 203.9217036
137.84 , 38.09770830827891 , 0.98 , 203.9217036
137.68 , 34.32783138372783 , 0.98 , 203.9217036
137.47 , 30.115671340818924 , 0.98 , 203.9217036
137.62 , 36.142984548642836 , 0.98 , 203.9217036
137.25 , 29.40587994143322 , 0.98 , 203.9217036
137.01 , 26.018073317543227 , 0.98 , 203.9217036
137.01 , 26.018073317543227 , 0.98 , 203.9217036
137.16 , 31.720069079894596 , 0.98 , 203.9217036
137.44 , 40.87990751289814 , 0.98 , 203.9217036
137.3 , 38.12587390802422 , 0.98 , 203.9217036
137.17 , 35.71949173698661 , 0.98 , 203.9217036
136.94 , 31.885058509927706 , 0.98 , 203.9217036
136.93 , 31.72559455685943 , 0.98 , 203.9217036
136.75 , 28.921731572952286 , 0.98 , 203.9217036
136.68 , 27.889452267942584 , 0.98 , 203.9217036
136.49 , 25.254614293477438 , 0.98 , 203.9217036
136.74 , 34.07943590473004 , 1.13 , 183.4092036
136.63 , 32.27388335565028 , 1.13 , 183.4092036
136.56 , 31.143124606338056 , 1.13 , 183.4092036
136.24 , 26.56160393845622 , 1.13 , 183.4092036
135.87 , 22.449288045608398 , 1.13 , 183.4092036
135.87 , 22.449288045608395 , 1.13 , 183.4092036
135.9 , 23.562120289557708 , 1.13 , 183.4092036
135.89 , 23.44136940551601 , 1.13 , 183.4092036
135.72 , 21.430677812407 , 1.13 , 183.4092036
135.51 , 19.235720865028334 , 1.13 , 183.4092036
135.36 , 17.830902811937722 , 1.13 , 183.4092036
135.22 , 16.61151378048472 , 1.13 , 183.4092036
135.25 , 17.907059270856813 , 1.28 , 163.1232036
135.05 , 16.110099985935026 , 1.28 , 163.1232036
134.39 , 11.875125506499849 , 1.28 , 163.1232036
133.98 , 10.099062994859585 , 1.28 , 163.1232036
